17.820067 ,83.343629,20
17.820067 ,83.343629,20
17.820067 ,83.343629,20
17.820067 ,83.343629,20
17.820067 ,83.343629,20
17.820077 ,83.343629,20
17.820077 ,83.343639,20
17.820077 ,83.343650,20
17.820077 ,83.343660,20
17.820077 ,83.343660,20
17.820047 ,83.343681,20
17.820027 ,83.343712,20
17.820027 ,83.343712,20
17.820027 ,83.343712,20
17.820027 ,83.343712,20
17.820027 ,83.343712,20
17.820027 ,83.343712,20
17.820027 ,83.343712,20
17.820027 ,83.343712,20
17.820027 ,83.343712,20
17.820027 ,83.343712,20
17.820027 ,83.343712,20
17.820027 ,83.343712,20
17.820027 ,83.343712,20
17.820027 ,83.343712,20
17.820027 ,83.343712,20
17.820027 ,83.343712,20
17.820027 ,83.343712,20
17.820027 ,83.343712,20
17.820027 ,83.343712,20
17.820027 ,83.343712,20
17.820027 ,83.343712,20
17.820027 ,83.343712,20
17.820027 ,83.343712,20
17.820027 ,83.343712,20
17.820027 ,83.343712,20
17.820027 ,83.343712,20
17.820027 ,83.343712,20
17.820027 ,83.343733,20
17.820007 ,83.343743,20
17.820007 ,83.343743,20
17.820007 ,83.343743,20
17.820007 ,83.343743,20
17.820007 ,83.343743,20
17.820007 ,83.343743,20
17.820007 ,83.343743,20
17.820007 ,83.343743,20
17.820007 ,83.343743,20
17.820007 ,83.343743,20
17.820007 ,83.343743,20
17.820007 ,83.343743,20
17.819998 ,83.343754,20
17.819968 ,83.343785,20
17.819968 ,83.343785,20
17.819968 ,83.343785,20
17.819968 ,83.343785,20
17.819968 ,83.343785,20
17.819948 ,83.343806,20
17.819948 ,83.343806,20
17.819948 ,83.343806,20
17.819948 ,83.343806,20
17.819948 ,83.343806,20
17.819948 ,83.343806,20
17.819948 ,83.343806,20
17.819948 ,83.343806,20
17.819948 ,83.343806,20
17.819948 ,83.343806,20
17.819948 ,83.343806,20
17.819938 ,83.343827,20
17.819938 ,83.343827,20
17.819938 ,83.343827,20
17.819938 ,83.343827,20
17.819938 ,83.343848,20
17.819938 ,83.343848,20
17.819938 ,83.343848,20
17.819938 ,83.343848,20
17.819938 ,83.343848,20
17.819938 ,83.343848,20
17.819938 ,83.343848,20
17.819938 ,83.343848,20
17.819938 ,83.343848,20
17.819938 ,83.343848,20
17.819938 ,83.343848,20
17.819938 ,83.343848,20
17.819938 ,83.343848,20
17.819938 ,83.343879,20
17.819918 ,83.343889,20
17.819918 ,83.343900,20
17.819918 ,83.343900,20
17.819918 ,83.343900,20
17.819909 ,83.343920,20
17.819909 ,83.343931,20
17.819889 ,83.343952,20
17.819889 ,83.343972,20
17.819889 ,83.343972,20
17.819889 ,83.343993,20
17.819889 ,83.343993,20
17.819889 ,83.344014,20
17.819889 ,83.344014,20
17.819879 ,83.344014,20
17.819879 ,83.344014,20
17.819879 ,83.344014,20
17.819879 ,83.344014,20
17.819869 ,83.344045,20
17.819869 ,83.344045,20
17.819849 ,83.344045,20
17.819849 ,83.344045,20
17.819849 ,83.344066,20
17.819839 ,83.344097,20
17.819839 ,83.344097,20
17.819839 ,83.344097,20
17.819839 ,83.344129,20
17.819829 ,83.344139,20
17.819829 ,83.344139,20
17.819829 ,83.344139,20
17.819829 ,83.344139,20
17.819829 ,83.344139,20
17.819829 ,83.344160,20
17.819829 ,83.344160,20
17.819829 ,83.344160,20
17.819829 ,83.344160,20
17.819829 ,83.344160,20
17.819829 ,83.344160,20
17.819829 ,83.344160,20
17.819829 ,83.344160,20
17.819829 ,83.344160,20
17.819819 ,83.344170,20
17.819819 ,83.344170,20
17.819819 ,83.344170,20
17.819819 ,83.344170,20
17.819819 ,83.344212,20
17.819819 ,83.344212,20
17.819819 ,83.344233,20
17.819819 ,83.344233,20
17.819819 ,83.344233,20
17.819819 ,83.344253,20
17.819819 ,83.344253,20
17.819819 ,83.344253,20
17.819819 ,83.344253,20
17.819819 ,83.344253,20
17.819819 ,83.344253,20
17.819819 ,83.344253,20
17.819819 ,83.344253,20
17.819819 ,83.344253,20
17.819819 ,83.344253,20
17.819819 ,83.344264,20
17.819819 ,83.344274,20
17.819810 ,83.344295,20
17.819810 ,83.344295,20
17.819810 ,83.344295,20
17.819790 ,83.344316,20
17.819790 ,83.344316,20
17.819790 ,83.344347,20
17.819790 ,83.344347,20
17.819790 ,83.344347,20
17.819790 ,83.344347,20
17.819790 ,83.344347,20
17.819790 ,83.344347,20
17.819790 ,83.344347,20
17.819790 ,83.344357,20
17.819790 ,83.344357,20
17.819790 ,83.344389,20
17.819790 ,83.344389,20
17.819790 ,83.344399,20
17.819790 ,83.344420,20
17.819790 ,83.344430,20
17.819790 ,83.344441,20
17.819790 ,83.344441,20
17.819790 ,83.344441,20
17.819790 ,83.344441,20
17.819780 ,83.344493,20
17.819780 ,83.344493,20
17.819780 ,83.344514,20
17.819780 ,83.344524,20
17.819780 ,83.344524,20
17.819780 ,83.344524,20
17.819780 ,83.344524,20
17.819780 ,83.344545,20
17.819780 ,83.344555,20
17.819780 ,83.344555,20
17.819780 ,83.344555,20
17.819780 ,83.344566,20
17.819780 ,83.344586,20
17.819770 ,83.344607,20
17.819770 ,83.344628,20
17.819760 ,83.344649,20
17.819760 ,83.344649,20
17.819760 ,83.344649,20
17.819760 ,83.344659,20
17.819760 ,83.344659,20
17.819760 ,83.344680,20
17.819760 ,83.344680,20
17.819750 ,83.344701,20
17.819750 ,83.344722,20
17.819750 ,83.344732,20
17.819750 ,83.344732,20
17.819750 ,83.344732,20
17.819750 ,83.344763,20
17.819750 ,83.344763,20
17.819750 ,83.344774,20
17.819750 ,83.344784,20
17.819750 ,83.344795,20
17.819750 ,83.344795,20
17.819750 ,83.344795,20
17.819750 ,83.344795,20
17.819750 ,83.344795,20
17.819750 ,83.344795,20
17.819750 ,83.344795,20
17.819750 ,83.344795,20
17.819750 ,83.344795,20
17.819750 ,83.344795,20
17.819750 ,83.344795,20
17.819750 ,83.344795,20
17.819750 ,83.344795,20
17.819750 ,83.344795,20
17.819750 ,83.344795,20
17.819750 ,83.344795,20
17.819750 ,83.344795,20
17.819750 ,83.344795,20
17.819750 ,83.344795,20
17.819750 ,83.344795,20
17.819750 ,83.344826,20
17.819750 ,83.344826,20
17.819750 ,83.344847,20
17.819750 ,83.344847,20
17.819750 ,83.344857,20
17.819750 ,83.344888,20
17.819750 ,83.344888,20
17.819750 ,83.344909,20
17.819750 ,83.344909,20
17.819750 ,83.344930,20
17.819750 ,83.344951,20
17.819750 ,83.344951,20
17.819750 ,83.344951,20
17.819750 ,83.344951,20
17.819750 ,83.344951,20
17.819750 ,83.344951,20
17.819750 ,83.344951,20
17.819750 ,83.344951,20
17.819750 ,83.344951,20
17.819750 ,83.344951,20
17.819750 ,83.344951,20
17.819750 ,83.344982,20
17.819760 ,83.344982,20
17.819760 ,83.344982,20
17.819770 ,83.345003,20
17.819800 ,83.345034,20
17.819800 ,83.345034,20
17.819800 ,83.345034,20
17.819800 ,83.345044,20
17.819810 ,83.345076,20
17.819810 ,83.345076,20
17.819819 ,83.345107,20
17.819819 ,83.345107,20
17.819819 ,83.345107,20
17.819819 ,83.345107,20
17.819819 ,83.345107,20
17.819819 ,83.345117,20
17.819829 ,83.345159,20
17.819829 ,83.345159,20
17.819849 ,83.345180,20
17.819849 ,83.345180,20
17.819869 ,83.345200,20
17.819869 ,83.345200,20
17.819869 ,83.345200,20
17.819869 ,83.345200,20
17.819869 ,83.345200,20
17.819889 ,83.345232,20
17.819889 ,83.345232,20
17.819899 ,83.345252,20
17.819899 ,83.345252,20
17.819899 ,83.345273,20
17.819899 ,83.345273,20
17.819899 ,83.345304,20
17.819928 ,83.345315,20
17.819928 ,83.345315,20
17.819928 ,83.345315,20
17.819928 ,83.345315,20
17.819928 ,83.345315,20
17.819928 ,83.345315,20
17.819928 ,83.345315,20
17.819928 ,83.345315,20
17.819928 ,83.345315,20
17.819928 ,83.345315,20
17.819938 ,83.345336,20
17.819938 ,83.345336,20
17.819958 ,83.345367,20
17.819968 ,83.345377,20
17.819968 ,83.345377,20
17.819968 ,83.345377,20
17.819968 ,83.345377,20
17.819968 ,83.345377,20
17.819968 ,83.345377,20
17.819968 ,83.345377,20
17.819968 ,83.345377,20
17.819968 ,83.345377,20
17.819968 ,83.345377,20
17.819968 ,83.345377,20
17.819968 ,83.345377,20
17.820007 ,83.345409,20
17.820017 ,83.345440,20
17.820017 ,83.345440,20
17.820027 ,83.345440,20
17.820027 ,83.345450,20
17.820027 ,83.345450,20
17.820067 ,83.345471,20
17.820067 ,83.345481,20
17.820077 ,83.345492,20
17.820097 ,83.345513,20
17.820126 ,83.345565,20
17.820126 ,83.345575,20
17.820126 ,83.345575,20
17.820136 ,83.345585,20
17.820136 ,83.345585,20
17.820136 ,83.345596,20
17.820146 ,83.345596,20
17.820146 ,83.345606,20
17.820166 ,83.345627,20
17.820166 ,83.345638,20
17.820195 ,83.345679,20
17.820195 ,83.345690,20
17.820205 ,83.345700,20
17.820215 ,83.345710,20
17.820215 ,83.345710,20
17.820215 ,83.345710,20
17.820235 ,83.345731,20
17.820235 ,83.345731,20
17.820235 ,83.345731,20
17.820265 ,83.345752,20
17.820265 ,83.345752,20
17.820265 ,83.345752,20
17.820285 ,83.345773,20
17.820324 ,83.345783,20
17.820324 ,83.345783,20
17.820334 ,83.345814,20
17.820344 ,83.345825,20
17.820393 ,83.345846,20
17.820393 ,83.345846,20
17.820393 ,83.345846,20
17.820393 ,83.345846,20
17.820393 ,83.345856,20
17.820393 ,83.345856,20
17.820393 ,83.345856,20
17.820413 ,83.345877,20
17.820413 ,83.345877,20
17.820423 ,83.345887,20
17.820423 ,83.345887,20
17.820423 ,83.345887,20
17.820423 ,83.345887,20
17.820423 ,83.345887,20
17.820453 ,83.345908,20
17.820453 ,83.345929,20
17.820473 ,83.345950,20
17.820492 ,83.345971,20
17.820502 ,83.345981,20
17.820532 ,83.346002,20
17.820532 ,83.346002,20
17.820532 ,83.346002,20
17.820532 ,83.346002,20
17.820532 ,83.346002,20
17.820532 ,83.346002,20
17.820532 ,83.346002,20
17.820532 ,83.346012,20
17.820532 ,83.346012,20
17.820532 ,83.346033,20
17.820532 ,83.346033,20
17.820532 ,83.346033,20
17.820532 ,83.346054,20
17.820532 ,83.346054,20
17.820532 ,83.346054,20
17.820532 ,83.346054,20
17.820532 ,83.346054,20
17.820532 ,83.346054,20
17.820532 ,83.346054,20
17.820532 ,83.346054,20
17.820532 ,83.346054,20
17.820532 ,83.346095,20
17.820532 ,83.346095,20
17.820532 ,83.346095,20
17.820532 ,83.346095,20
17.820532 ,83.346095,20
17.820532 ,83.346116,20
17.820532 ,83.346127,20
17.820532 ,83.346158,20
17.820532 ,83.346158,20
17.820532 ,83.346158,20
17.820532 ,83.346179,20
17.820532 ,83.346179,20
17.820532 ,83.346179,20
17.820532 ,83.346179,20
17.820532 ,83.346189,20
17.820532 ,83.346220,20
17.820532 ,83.346241,20
17.820532 ,83.346252,20
17.820532 ,83.346252,20
17.820532 ,83.346252,20
17.820532 ,83.346252,20
17.820532 ,83.346252,20
17.820532 ,83.346252,20
17.820532 ,83.346252,20
17.820532 ,83.346252,20
17.820532 ,83.346252,20
17.820532 ,83.346252,20
17.820532 ,83.346272,20
17.820532 ,83.346293,20
17.820532 ,83.346314,20
17.820532 ,83.346314,20
17.820532 ,83.346335,20
17.820532 ,83.346335,20
17.820532 ,83.346387,20
17.820532 ,83.346387,20
17.820532 ,83.346387,20
17.820532 ,83.346387,20
17.820532 ,83.346418,20
17.820532 ,83.346418,20
17.820532 ,83.346439,20
17.820532 ,83.346460,20
17.820532 ,83.346460,20
17.820532 ,83.346491,20
17.820532 ,83.346512,20
17.820532 ,83.346543,20
17.820532 ,83.346553,20
17.820532 ,83.346585,20
17.820532 ,83.346595,20
17.820532 ,83.346616,20
17.820532 ,83.346647,20
17.820532 ,83.346668,20
17.820532 ,83.346678,20
17.820532 ,83.346699,20
17.820532 ,83.346699,20
17.820532 ,83.346699,20
17.820532 ,83.346699,20
17.820532 ,83.346699,20
17.820532 ,83.346699,20
17.820532 ,83.346699,20
17.820532 ,83.346699,20
17.820532 ,83.346709,20
17.820532 ,83.346709,20
17.820532 ,83.346720,20
17.820532 ,83.346720,20
17.820532 ,83.346720,20
17.820532 ,83.346720,20
17.820532 ,83.346720,20
17.820532 ,83.346720,20
17.820532 ,83.346720,20
17.820532 ,83.346720,20
17.820532 ,83.346720,20
17.820532 ,83.346730,20
17.820532 ,83.346741,20
17.820532 ,83.346741,20
17.820532 ,83.346761,20
17.820532 ,83.346772,20
17.820532 ,83.346803,20
17.820532 ,83.346824,20
17.820532 ,83.346834,20
17.820532 ,83.346834,20
17.820532 ,83.346886,20
17.820532 ,83.346897,20
17.820532 ,83.346938,20
17.820532 ,83.346949,20
17.820532 ,83.346980,20
17.820532 ,83.347032,20
17.820532 ,83.347032,20
17.820532 ,83.347063,20
17.820532 ,83.347063,20
17.820532 ,83.347063,20
17.820532 ,83.347063,20
17.820532 ,83.347063,20
17.820532 ,83.347063,20
17.820532 ,83.347063,20
17.820532 ,83.347063,20
17.820532 ,83.347063,20
17.820532 ,83.347084,20
17.820532 ,83.347126,20
17.820532 ,83.347147,20
17.820532 ,83.347178,20
17.820532 ,83.347240,20
17.820532 ,83.347240,20
17.820532 ,83.347282,20
17.820532 ,83.347334,20
17.820532 ,83.347334,20
17.820532 ,83.347334,20
17.820532 ,83.347334,20
17.820532 ,83.347334,20
17.820532 ,83.347334,20
17.820532 ,83.347334,20
17.820532 ,83.347334,20
17.820532 ,83.347334,20
17.820532 ,83.347334,20
17.820532 ,83.347334,20
17.820532 ,83.347355,20
17.820532 ,83.347375,20
17.820532 ,83.347396,20
17.820532 ,83.347428,20
17.820532 ,83.347448,20
17.820532 ,83.347480,20
17.820532 ,83.347490,20
17.820532 ,83.347521,20
17.820532 ,83.347532,20
17.820532 ,83.347552,20
17.820532 ,83.347563,20
17.820532 ,83.347563,20
17.820532 ,83.347563,20
17.820532 ,83.347563,20
17.820532 ,83.347563,20
17.820532 ,83.347563,20
17.820532 ,83.347563,20
17.820532 ,83.347573,20
17.820532 ,83.347625,20
17.820532 ,83.347677,20
17.820532 ,83.347688,20
17.820532 ,83.347729,20
17.820532 ,83.347729,20
17.820532 ,83.347750,20
17.820532 ,83.347781,20
17.820532 ,83.347792,20
17.820532 ,83.347802,20
17.820532 ,83.347844,20
17.820532 ,83.347844,20
17.820532 ,83.347865,20
17.820532 ,83.347865,20
17.820532 ,83.347865,20
17.820532 ,83.347865,20
17.820532 ,83.347875,20
17.820532 ,83.347958,20
17.820532 ,83.347958,20
17.820532 ,83.347958,20
17.820532 ,83.347958,20
17.820532 ,83.347958,20
17.820532 ,83.347958,20
17.820532 ,83.347958,20
17.820532 ,83.347958,20
17.820532 ,83.347958,20
17.820532 ,83.347958,20
17.820532 ,83.347958,20
17.820532 ,83.347958,20
17.820532 ,83.347958,20
17.820532 ,83.347958,20
17.820532 ,83.347958,20
17.820532 ,83.347969,20
17.820532 ,83.347969,20
17.820532 ,83.347969,20
17.820532 ,83.347979,20
17.820532 ,83.347979,20
17.820532 ,83.347979,20
17.820532 ,83.347979,20
17.820450 ,83.347976,30
17.820496 ,83.347976,30
17.820496 ,83.347976,30
17.820496 ,83.347976,30
17.820496 ,83.347976,30
17.820496 ,83.347976,30
17.820496 ,83.347976,30
17.820496 ,83.347976,30
17.820496 ,83.347976,30
17.820496 ,83.347976,30
17.820496 ,83.347976,30
17.820496 ,83.347976,30
17.820496 ,83.347976,30
17.820496 ,83.347976,30
17.820496 ,83.347976,30
17.820496 ,83.347976,30
17.820507 ,83.347976,30
17.820507 ,83.347976,30
17.820507 ,83.347976,30
17.820507 ,83.347976,30
17.820507 ,83.347976,30
17.820507 ,83.347976,30
17.820530 ,83.347976,30
17.820542 ,83.347976,30
17.820542 ,83.347976,30
17.820542 ,83.347976,30
17.820542 ,83.347976,30
17.820542 ,83.347976,30
17.820542 ,83.347976,30
17.820542 ,83.347976,30
17.820542 ,83.347976,30
17.820542 ,83.347976,30
17.820542 ,83.347976,30
17.820542 ,83.347976,30
17.820542 ,83.347976,30
17.820565 ,83.347976,30
17.820577 ,83.347976,30
17.820588 ,83.347988,30
17.820588 ,83.347988,30
17.820588 ,83.347988,30
17.820588 ,83.347988,30
17.820588 ,83.347988,30
17.820588 ,83.347988,30
17.820588 ,83.347988,30
17.820588 ,83.347988,30
17.820588 ,83.347988,30
17.820588 ,83.347988,30
17.820588 ,83.347988,30
17.820588 ,83.347988,30
17.820588 ,83.347988,30
17.820588 ,83.347988,30
17.820588 ,83.347988,30
17.820588 ,83.347988,30
17.820588 ,83.347988,30
17.820588 ,83.347988,30
17.820588 ,83.347988,30
17.820588 ,83.347988,30
17.820588 ,83.347988,30
17.820588 ,83.347988,30
17.820588 ,83.347988,30
17.820588 ,83.347988,30
17.820588 ,83.347988,30
17.820588 ,83.347988,30
17.820588 ,83.347988,30
17.820588 ,83.347988,30
17.820611 ,83.347988,30
17.820646 ,83.347988,30
17.820669 ,83.347988,30
17.820680 ,83.347988,30
17.820680 ,83.347988,30
17.820680 ,83.347988,30
17.820680 ,83.347988,30
17.820680 ,83.347988,30
17.820680 ,83.347988,30
17.820680 ,83.347988,30
17.820680 ,83.347988,30
17.820680 ,83.347988,30
17.820680 ,83.347988,30
17.820680 ,83.347988,30
17.820715 ,83.347988,30
17.820726 ,83.347988,30
17.820749 ,83.348001,30
17.820784 ,83.348001,30
17.820784 ,83.348001,30
17.820784 ,83.348001,30
17.820784 ,83.348001,30
17.820807 ,83.348013,30
17.820807 ,83.348013,30
17.820807 ,83.348013,30
17.820807 ,83.348013,30
17.820807 ,83.348013,30
17.820807 ,83.348013,30
17.820830 ,83.348013,30
17.820842 ,83.348013,30
17.820842 ,83.348013,30
17.820865 ,83.348013,30
17.820876 ,83.348013,30
17.820876 ,83.348013,30
17.820876 ,83.348013,30
17.820876 ,83.348013,30
17.820876 ,83.348013,30
17.820876 ,83.348013,30
17.820876 ,83.348013,30
17.820876 ,83.348013,30
17.820876 ,83.348013,30
17.820876 ,83.348013,30
17.820876 ,83.348013,30
17.820888 ,83.348013,30
17.820911 ,83.348013,30
17.820922 ,83.348013,30
17.820957 ,83.348013,30
17.820968 ,83.348013,30
17.820980 ,83.348013,30
17.821049 ,83.347976,30
17.821049 ,83.347976,30
17.821061 ,83.347976,30
17.821061 ,83.347976,30
17.821061 ,83.347976,30
17.821072 ,83.347964,30
17.821072 ,83.347964,30
17.821072 ,83.347964,30
17.821072 ,83.347964,30
17.821072 ,83.347964,30
17.821072 ,83.347964,30
17.821072 ,83.347964,30
17.821072 ,83.347964,30
17.821107 ,83.347964,30
17.821107 ,83.347964,30
17.821130 ,83.347964,30
17.821130 ,83.347964,30
17.821130 ,83.347964,30
17.821130 ,83.347964,30
17.821130 ,83.347964,30
17.821130 ,83.347964,30
17.821153 ,83.347964,30
17.821153 ,83.347964,30
17.821164 ,83.347964,30
17.821176 ,83.347964,30
17.821187 ,83.347964,30
17.821210 ,83.347964,30
17.821210 ,83.347964,30
17.821210 ,83.347964,30
17.821210 ,83.347964,30
17.821210 ,83.347964,30
17.821222 ,83.347964,30
17.821245 ,83.347976,30
17.821279 ,83.347976,30
17.821303 ,83.347976,30
17.821337 ,83.347976,30
17.821337 ,83.347976,30
17.821383 ,83.347988,30
17.821406 ,83.347988,30
17.821418 ,83.347988,30
17.821441 ,83.347988,30
17.821441 ,83.347988,30
17.821441 ,83.347988,30
17.821452 ,83.347988,30
17.821452 ,83.347988,30
17.821498 ,83.347988,30
17.821498 ,83.347988,30
17.821498 ,83.347988,30
17.821498 ,83.347988,30
17.821498 ,83.347988,30
17.821498 ,83.347988,30
17.821498 ,83.347988,30
17.821498 ,83.347988,30
17.821498 ,83.347988,30
17.821498 ,83.347988,30
17.821498 ,83.347988,30
17.821498 ,83.347988,30
17.821498 ,83.347988,30
17.821498 ,83.347988,30
17.821498 ,83.347988,30
17.821510 ,83.347988,30
17.821510 ,83.347988,30
17.821533 ,83.347988,30
17.821533 ,83.347988,30
17.821556 ,83.347988,30
17.821568 ,83.347988,30
17.821579 ,83.347988,30
17.821602 ,83.347988,30
17.821602 ,83.347988,30
17.821602 ,83.347988,30
17.821602 ,83.347988,30
17.821637 ,83.347988,30
17.821648 ,83.347988,30
17.821648 ,83.347988,30
17.821660 ,83.347988,30
17.821660 ,83.347988,30
17.821683 ,83.347988,30
17.821729 ,83.347988,30
17.821729 ,83.347988,30
17.821729 ,83.347988,30
17.821729 ,83.347988,30
17.821763 ,83.347988,30
17.821775 ,83.347988,30
17.821798 ,83.347988,30
17.821844 ,83.347988,30
17.821844 ,83.347988,30
17.821856 ,83.348001,30
17.821879 ,83.348013,30
17.821879 ,83.348025,30
17.821890 ,83.348025,30
17.821902 ,83.348061,30
17.821902 ,83.348061,30
17.821902 ,83.348073,30
17.821925 ,83.348097,30
17.821925 ,83.348097,30
17.821936 ,83.348110,30
17.821948 ,83.348134,30
17.821948 ,83.348134,30
17.821948 ,83.348158,30
17.821948 ,83.348158,30
17.821948 ,83.348182,30
17.821948 ,83.348182,30
17.821971 ,83.348207,30
17.821982 ,83.348231,30
17.821982 ,83.348243,30
17.821982 ,83.348243,30
17.821982 ,83.348243,30
17.821982 ,83.348243,30
17.821982 ,83.348243,30
17.821982 ,83.348255,30
17.821982 ,83.348279,30
17.821982 ,83.348291,30
17.821982 ,83.348291,30
17.821982 ,83.348291,30
17.821982 ,83.348291,30
17.821982 ,83.348291,30
17.821982 ,83.348291,30
17.821982 ,83.348291,30
17.821982 ,83.348291,30
17.821994 ,83.348303,30
17.822017 ,83.348316,30
17.822029 ,83.348328,30
17.822052 ,83.348352,30
17.822052 ,83.348364,30
17.822052 ,83.348376,30
17.822052 ,83.348400,30
17.822052 ,83.348400,30
17.822052 ,83.348400,30
17.822063 ,83.348413,30
17.822063 ,83.348425,30
17.822086 ,83.348437,30
17.822086 ,83.348437,30
17.822086 ,83.348437,30
17.822086 ,83.348437,30
17.822086 ,83.348437,30
17.822086 ,83.348473,30
17.822086 ,83.348473,30
17.822098 ,83.348497,30
17.822098 ,83.348497,30
17.822098 ,83.348522,30
17.822098 ,83.348522,30
17.822098 ,83.348546,30
17.822109 ,83.348546,30
17.822121 ,83.348582,30
17.822121 ,83.348582,30
17.822121 ,83.348582,30
17.822121 ,83.348582,30
17.822121 ,83.348582,30
17.822121 ,83.348582,30
17.822121 ,83.348582,30
17.822121 ,83.348582,30
17.822121 ,83.348631,30
17.822121 ,83.348631,30
17.822121 ,83.348631,30
17.822121 ,83.348667,30
17.822132 ,83.348679,30
17.822155 ,83.348728,30
17.822178 ,83.348740,30
17.822201 ,83.348764,30
17.822224 ,83.348788,30
17.822224 ,83.348812,30
17.822224 ,83.348812,30
17.822271 ,83.348837,30
17.822271 ,83.348837,30
17.822271 ,83.348837,30
17.822271 ,83.348837,30
17.822271 ,83.348837,30
17.822271 ,83.348837,30
17.822271 ,83.348837,30
17.822271 ,83.348837,30
17.822271 ,83.348837,30
17.822271 ,83.348837,30
17.822271 ,83.348837,30
17.822271 ,83.348837,30
17.822271 ,83.348861,30
17.822271 ,83.348909,30
17.822282 ,83.348934,30
17.822282 ,83.348934,30
17.822282 ,83.348934,30
17.822282 ,83.348934,30
17.822282 ,83.348934,30
17.822282 ,83.348934,30
17.822282 ,83.348934,30
17.822282 ,83.348934,30
17.822282 ,83.348958,30
17.822282 ,83.348982,30
17.822282 ,83.348982,30
17.822282 ,83.348994,30
17.822282 ,83.349018,30
17.822294 ,83.349043,30
17.822294 ,83.349043,30
17.822317 ,83.349055,30
17.822317 ,83.349055,30
17.822328 ,83.349067,30
17.822328 ,83.349067,30
17.822340 ,83.349067,30
17.822397 ,83.349128,30
17.822409 ,83.349140,30
17.822432 ,83.349164,30
17.822455 ,83.349200,30
17.822478 ,83.349225,30
17.822478 ,83.349225,30
17.822489 ,83.349249,30
17.822489 ,83.349249,30
17.822489 ,83.349249,30
17.822489 ,83.349249,30
17.822489 ,83.349249,30
17.822501 ,83.349249,30
17.822513 ,83.349273,30
17.822536 ,83.349321,30
17.822547 ,83.349346,30
17.822547 ,83.349346,30
17.822547 ,83.349346,30
17.822547 ,83.349358,30
17.822547 ,83.349370,30
17.822570 ,83.349394,30
17.822605 ,83.349443,30
17.822639 ,83.349491,30
17.822651 ,83.349527,30
17.822651 ,83.349527,30
17.822651 ,83.349527,30
17.822651 ,83.349527,30
17.822651 ,83.349527,30
17.822651 ,83.349527,30
17.822651 ,83.349540,30
17.822651 ,83.349540,30
17.822674 ,83.349564,30
17.822697 ,83.349624,30
17.822697 ,83.349637,30
17.822697 ,83.349649,30
17.822697 ,83.349649,30
17.822697 ,83.349673,30
17.822731 ,83.349782,30
17.822731 ,83.349782,30
17.822731 ,83.349830,30
17.822731 ,83.349830,30
17.822778 ,83.349903,30
17.822778 ,83.349915,30
17.822812 ,83.350000,30
17.822824 ,83.350024,30
17.822835 ,83.350024,30
17.822835 ,83.350024,30
17.822835 ,83.350024,30
17.822835 ,83.350036,30
17.822870 ,83.350097,30
17.822927 ,83.350158,30
17.822927 ,83.350158,30
17.822927 ,83.350182,30
17.822927 ,83.350182,30
17.822939 ,83.350194,30
17.822939 ,83.350194,30
17.822939 ,83.350194,30
17.822939 ,83.350194,30
17.822950 ,83.350206,30
17.822962 ,83.350255,30
17.822973 ,83.350255,30
17.823008 ,83.350303,30
17.823020 ,83.350339,30
17.823031 ,83.350376,30
17.823066 ,83.350400,30
17.823100 ,83.350436,30
17.823100 ,83.350436,30
17.823100 ,83.350461,30
17.823112 ,83.350485,30
17.823146 ,83.350545,30
17.823158 ,83.350558,30
17.823158 ,83.350558,30
17.823158 ,83.350558,30
17.823158 ,83.350570,30
17.823158 ,83.350570,30
17.823158 ,83.350570,30
17.823158 ,83.350570,30
17.823158 ,83.350570,30
17.823158 ,83.350570,30
17.823158 ,83.350570,30
17.823158 ,83.350570,30
17.823158 ,83.350582,30
17.823158 ,83.350594,30
17.823169 ,83.350618,30
17.823192 ,83.350679,30
17.823192 ,83.350691,30
17.823215 ,83.350715,30
17.823215 ,83.350715,30
17.823250 ,83.350776,30
17.823250 ,83.350776,30
17.823250 ,83.350788,30
17.823262 ,83.350812,30
17.823273 ,83.350873,30
17.823273 ,83.350873,30
17.823308 ,83.350921,30
17.823308 ,83.350921,30
17.823308 ,83.350921,30
17.823331 ,83.350957,30
17.823331 ,83.350957,30
17.823342 ,83.350982,30
17.823342 ,83.350982,30
17.823377 ,83.351042,30
17.823400 ,83.351091,30
17.823411 ,83.351115,30
17.823411 ,83.351115,30
17.823411 ,83.351115,30
17.823411 ,83.351115,30
17.823411 ,83.351115,30
17.823411 ,83.351127,30
17.823423 ,83.351139,30
17.823446 ,83.351212,30
17.823481 ,83.351248,30
17.823550 ,83.351394,30
17.823550 ,83.351394,30
17.823550 ,83.351394,30
17.823550 ,83.351394,30
17.823550 ,83.351394,30
17.823550 ,83.351394,30
17.823550 ,83.351394,30
17.823550 ,83.351394,30
17.823550 ,83.351394,30
17.823550 ,83.351394,30
17.823550 ,83.351394,30
17.823550 ,83.351394,30
17.823550 ,83.351394,30
17.823550 ,83.351394,30
17.823550 ,83.351394,30
17.823550 ,83.351394,30
17.823550 ,83.351394,30
17.823550 ,83.351394,30
17.823550 ,83.351394,30
17.823550 ,83.351394,30
17.823550 ,83.351394,30
17.823550 ,83.351394,30
17.823550 ,83.351406,30
17.823550 ,83.351406,30
17.823550 ,83.351406,30
17.823550 ,83.351406,30
17.823550 ,83.351406,30
17.823550 ,83.351406,30
17.823550 ,83.351406,30
17.823550 ,83.351406,30
17.823550 ,83.351406,30
17.823550 ,83.351394,30
17.823538 ,83.351285,30
17.823538 ,83.351285,30
17.823515 ,83.351248,30
17.823515 ,83.351248,30
17.823515 ,83.351248,30
17.823515 ,83.351248,30
17.823515 ,83.351248,30
17.823515 ,83.351248,30
17.823515 ,83.351248,30
17.823550 ,83.351297,30
17.823550 ,83.351297,30
17.823561 ,83.351345,30
17.823596 ,83.351357,30
17.823607 ,83.351370,30
17.823619 ,83.351382,30
17.823619 ,83.351382,30
17.823619 ,83.351406,30
17.823619 ,83.351430,30
17.823619 ,83.351454,30
17.823619 ,83.351479,30
17.823630 ,83.351503,30
17.823676 ,83.351551,30
17.823676 ,83.351551,30
17.823676 ,83.351551,30
17.823676 ,83.351551,30
17.823676 ,83.351551,30
17.823676 ,83.351551,30
17.823676 ,83.351551,30
17.823676 ,83.351551,30
17.823676 ,83.351551,30
17.823676 ,83.351551,30
17.823676 ,83.351551,30
17.823676 ,83.351551,30
17.823676 ,83.351588,30
17.823676 ,83.351588,30
17.823676 ,83.351588,30
17.823676 ,83.351588,30
17.823676 ,83.351588,30
17.823676 ,83.351588,30
17.823676 ,83.351588,30
17.823676 ,83.351588,30
17.823676 ,83.351588,30
17.823676 ,83.351612,30
17.823699 ,83.351624,30
17.823699 ,83.351636,30
17.823723 ,83.351648,30
17.823746 ,83.351672,30
17.823746 ,83.351672,30
17.823746 ,83.351672,30
17.823746 ,83.351672,30
17.823746 ,83.351672,30
17.823746 ,83.351672,30
17.823746 ,83.351672,30
17.823746 ,83.351672,30
17.823746 ,83.351672,30
17.823746 ,83.351672,30
17.823746 ,83.351672,30
17.823746 ,83.351672,30
17.823746 ,83.351672,30
17.823746 ,83.351672,30
17.823746 ,83.351672,30
17.823746 ,83.351672,30
17.823746 ,83.351672,30
17.823746 ,83.351672,30
17.823746 ,83.351672,30
17.823769 ,83.351709,30
17.823769 ,83.351709,30
17.823792 ,83.351745,30
17.823792 ,83.351745,30
17.823792 ,83.351745,30
17.823792 ,83.351745,30
17.823792 ,83.351745,30
17.823803 ,83.351769,30
17.823803 ,83.351769,30
17.823803 ,83.351769,30
17.823803 ,83.351769,30
17.823803 ,83.351769,30
17.823803 ,83.351769,30
17.823815 ,83.351794,30
17.823826 ,83.351794,30
17.823826 ,83.351818,30
17.823838 ,83.351830,30
17.823849 ,83.351830,30
17.823849 ,83.351830,30
17.823872 ,83.351830,30
17.823907 ,83.351866,30
17.823918 ,83.351878,30
17.823918 ,83.351903,30
17.823918 ,83.351927,30
17.823930 ,83.351963,30
17.823965 ,83.351975,30
17.823965 ,83.351975,30
17.823965 ,83.352000,30
17.823999 ,83.352036,30
17.824011 ,83.352060,30
17.824034 ,83.352085,30
17.824045 ,83.352109,30
17.824057 ,83.352121,30
17.824057 ,83.352121,30
17.824057 ,83.352145,30
17.824057 ,83.352169,30
17.824057 ,83.352169,30
17.824057 ,83.352194,30
17.824057 ,83.352242,30
17.824057 ,83.352242,30
17.824057 ,83.352242,30
17.824103 ,83.352291,30
17.824103 ,83.352291,30
17.824103 ,83.352291,30
17.824103 ,83.352291,30
17.824114 ,83.352291,30
17.824114 ,83.352303,30
17.824114 ,83.352315,30
17.824137 ,83.352327,30
17.824137 ,83.352327,30
17.824149 ,83.352375,30
17.824160 ,83.352375,30
17.824160 ,83.352387,30
17.824160 ,83.352387,30
17.824160 ,83.352387,30
17.824160 ,83.352387,30
17.824160 ,83.352387,30
17.824160 ,83.352412,30
17.824160 ,83.352424,30
17.824195 ,83.352448,30
17.824195 ,83.352460,30
17.824195 ,83.352460,30
17.824207 ,83.352472,30
17.824207 ,83.352472,30
17.824207 ,83.352472,30
17.824207 ,83.352472,30
17.824207 ,83.352472,30
17.824207 ,83.352509,30
17.824207 ,83.352509,30
17.824207 ,83.352557,30
17.824207 ,83.352557,30
17.824230 ,83.352581,30
17.824241 ,83.352581,30
17.824241 ,83.352581,30
17.824241 ,83.352581,30
17.824241 ,83.352581,30
17.824241 ,83.352581,30
17.824241 ,83.352581,30
17.824241 ,83.352581,30
17.824287 ,83.352630,30
17.824287 ,83.352630,30
17.824310 ,83.352666,30
17.824310 ,83.352666,30
17.824310 ,83.352666,30
17.824310 ,83.352666,30
17.824310 ,83.352666,30
17.824310 ,83.352666,30
17.824310 ,83.352666,30
17.824310 ,83.352666,30
17.824322 ,83.352666,30
17.824322 ,83.352666,30
17.824345 ,83.352727,30
17.824345 ,83.352727,30
17.824345 ,83.352751,30
17.824345 ,83.352775,30
17.824345 ,83.352775,30
17.824345 ,83.352775,30
17.824345 ,83.352775,30
17.824345 ,83.352775,30
17.824356 ,83.352775,30
17.824356 ,83.352775,30
17.824359 ,83.352806,40
17.824359 ,83.352848,40
17.824359 ,83.352863,40
17.824359 ,83.352863,40
17.824359 ,83.352863,40
17.824359 ,83.352863,40
17.824359 ,83.352863,40
17.824359 ,83.352863,40
17.824359 ,83.352863,40
17.824359 ,83.352863,40
17.824359 ,83.352863,40
17.824359 ,83.352863,40
17.824359 ,83.352863,40
17.824359 ,83.352863,40
17.824359 ,83.352863,40
17.824359 ,83.352863,40
17.824359 ,83.352863,40
17.824359 ,83.352863,40
17.824359 ,83.352863,40
17.824359 ,83.352863,40
17.824359 ,83.352905,40
17.824359 ,83.352905,40
17.824359 ,83.352905,40
17.824359 ,83.352905,40
17.824359 ,83.352905,40
17.824359 ,83.352905,40
17.824359 ,83.352905,40
17.824359 ,83.352905,40
17.824359 ,83.352905,40
17.824359 ,83.352905,40
17.824359 ,83.352919,40
17.824359 ,83.352961,40
17.824359 ,83.352961,40
17.824359 ,83.352961,40
17.824359 ,83.352961,40
17.824359 ,83.352975,40
17.824359 ,83.352975,40
17.824359 ,83.352975,40
17.824359 ,83.352975,40
17.824359 ,83.353003,40
17.824359 ,83.353017,40
17.824359 ,83.353017,40
17.824359 ,83.353045,40
17.824359 ,83.353045,40
17.824359 ,83.353045,40
17.824359 ,83.353073,40
17.824359 ,83.353073,40
17.824359 ,83.353073,40
17.824359 ,83.353101,40
17.824359 ,83.353101,40
17.824359 ,83.353101,40
17.824359 ,83.353101,40
17.824359 ,83.353101,40
17.824359 ,83.353101,40
17.824359 ,83.353101,40
17.824359 ,83.353101,40
17.824359 ,83.353101,40
17.824359 ,83.353101,40
17.824359 ,83.353101,40
17.824359 ,83.353101,40
17.824359 ,83.353101,40
17.824359 ,83.353101,40
17.824359 ,83.353101,40
17.824359 ,83.353101,40
17.824359 ,83.353101,40
17.824359 ,83.353129,40
17.824359 ,83.353143,40
17.824319 ,83.353228,40
17.824319 ,83.353228,40
17.824319 ,83.353228,40
17.824319 ,83.353228,40
17.824319 ,83.353228,40
17.824319 ,83.353228,40
17.824319 ,83.353228,40
17.824319 ,83.353228,40
17.824319 ,83.353228,40
17.824319 ,83.353228,40
17.824319 ,83.353228,40
17.824319 ,83.353228,40
17.824319 ,83.353228,40
17.824319 ,83.353228,40
17.824319 ,83.353228,40
17.824319 ,83.353228,40
17.824319 ,83.353228,40
17.824319 ,83.353228,40
17.824319 ,83.353228,40
17.824319 ,83.353228,40
17.824319 ,83.353228,40
17.824319 ,83.353228,40
17.824319 ,83.353228,40
17.824319 ,83.353228,40
17.824319 ,83.353228,40
17.824319 ,83.353228,40
17.824319 ,83.353228,40
17.824319 ,83.353228,40
17.824319 ,83.353228,40
17.824319 ,83.353242,40
17.824319 ,83.353242,40
17.824319 ,83.353242,40
17.824319 ,83.353242,40
17.824319 ,83.353242,40
17.824319 ,83.353270,40
17.824319 ,83.353270,40
17.824319 ,83.353270,40
17.824319 ,83.353270,40
17.824319 ,83.353270,40
17.824319 ,83.353270,40
17.824319 ,83.353270,40
17.824319 ,83.353270,40
17.824319 ,83.353270,40
17.824306 ,83.353298,40
17.824306 ,83.353312,40
17.824306 ,83.353312,40
17.824306 ,83.353312,40
17.824306 ,83.353312,40
17.824306 ,83.353312,40
17.824306 ,83.353312,40
17.824306 ,83.353312,40
17.824306 ,83.353312,40
17.824306 ,83.353312,40
17.824306 ,83.353312,40
17.824306 ,83.353312,40
17.824306 ,83.353312,40
17.824306 ,83.353340,40
17.824292 ,83.353340,40
17.824292 ,83.353368,40
17.824292 ,83.353368,40
17.824292 ,83.353368,40
17.824292 ,83.353368,40
17.824292 ,83.353368,40
17.824292 ,83.353368,40
17.824292 ,83.353368,40
17.824292 ,83.353368,40
17.824292 ,83.353368,40
17.824292 ,83.353368,40
17.824292 ,83.353368,40
17.824292 ,83.353368,40
17.824292 ,83.353368,40
17.824292 ,83.353368,40
17.824292 ,83.353368,40
17.824292 ,83.353368,40
17.824292 ,83.353368,40
17.824292 ,83.353368,40
17.824292 ,83.353368,40
17.824292 ,83.353368,40
17.824292 ,83.353368,40
17.824292 ,83.353368,40
17.824292 ,83.353368,40
17.824292 ,83.353368,40
17.824292 ,83.353368,40
17.824292 ,83.353368,40
17.824292 ,83.353368,40
17.824292 ,83.353368,40
17.824292 ,83.353368,40
17.824292 ,83.353368,40
17.824292 ,83.353382,40
17.824292 ,83.353382,40
17.824292 ,83.353382,40
17.824292 ,83.353382,40
17.824292 ,83.353410,40
17.824266 ,83.353424,40
17.824266 ,83.353424,40
17.824266 ,83.353452,40
17.824252 ,83.353495,40
17.824252 ,83.353495,40
17.824252 ,83.353495,40
17.824252 ,83.353495,40
17.824252 ,83.353523,40
17.824239 ,83.353551,40
17.824239 ,83.353551,40
17.824239 ,83.353551,40
17.824239 ,83.353551,40
17.824239 ,83.353551,40
17.824239 ,83.353551,40
17.824239 ,83.353551,40
17.824239 ,83.353551,40
17.824239 ,83.353565,40
17.824239 ,83.353565,40
17.824239 ,83.353579,40
17.824239 ,83.353579,40
17.824239 ,83.353579,40
17.824239 ,83.353579,40
17.824239 ,83.353579,40
17.824239 ,83.353579,40
17.824239 ,83.353579,40
17.824239 ,83.353579,40
17.824239 ,83.353579,40
17.824239 ,83.353579,40
17.824239 ,83.353593,40
17.824239 ,83.353593,40
17.824226 ,83.353607,40
17.824212 ,83.353635,40
17.824212 ,83.353649,40
17.824212 ,83.353649,40
17.824212 ,83.353649,40
17.824212 ,83.353649,40
17.824212 ,83.353649,40
17.824212 ,83.353649,40
17.824212 ,83.353649,40
17.824212 ,83.353649,40
17.824212 ,83.353649,40
17.824212 ,83.353649,40
17.824212 ,83.353649,40
17.824212 ,83.353649,40
17.824199 ,83.353649,40
17.824199 ,83.353649,40
17.824186 ,83.353663,40
17.824186 ,83.353663,40
17.824186 ,83.353663,40
17.824186 ,83.353677,40
17.824186 ,83.353677,40
17.824186 ,83.353677,40
17.824186 ,83.353677,40
17.824186 ,83.353677,40
17.824186 ,83.353677,40
17.824186 ,83.353677,40
17.824186 ,83.353677,40
17.824186 ,83.353677,40
17.824186 ,83.353677,40
17.824186 ,83.353705,40
17.824186 ,83.353705,40
17.824186 ,83.353747,40
17.824186 ,83.353761,40
17.824186 ,83.353761,40
17.824186 ,83.353761,40
17.824186 ,83.353761,40
17.824186 ,83.353761,40
17.824186 ,83.353761,40
17.824186 ,83.353761,40
17.824186 ,83.353761,40
17.824186 ,83.353761,40
17.824186 ,83.353761,40
17.824186 ,83.353761,40
17.824186 ,83.353761,40
17.824186 ,83.353761,40
17.824159 ,83.353818,40
17.824159 ,83.353818,40
17.824145 ,83.353832,40
17.824145 ,83.353832,40
17.824132 ,83.353860,40
17.824132 ,83.353860,40
17.824132 ,83.353860,40
17.824105 ,83.353888,40
17.824092 ,83.353902,40
17.824065 ,83.353986,40
17.824065 ,83.353986,40
17.824065 ,83.353986,40
17.824065 ,83.353986,40
17.824065 ,83.353986,40
17.824065 ,83.353986,40
17.824065 ,83.353986,40
17.824065 ,83.353986,40
17.824065 ,83.353986,40
17.824065 ,83.353986,40
17.824065 ,83.353986,40
17.824065 ,83.353986,40
17.824065 ,83.353986,40
17.824065 ,83.354000,40
17.824065 ,83.354028,40
17.824065 ,83.354056,40
17.824065 ,83.354056,40
17.824065 ,83.354056,40
17.824065 ,83.354056,40
17.824065 ,83.354056,40
17.824065 ,83.354056,40
17.824065 ,83.354056,40
17.824065 ,83.354056,40
17.824065 ,83.354056,40
17.824065 ,83.354085,40
17.824065 ,83.354085,40
17.824065 ,83.354099,40
17.824065 ,83.354127,40
17.824065 ,83.354211,40
17.824065 ,83.354211,40
17.824065 ,83.354211,40
17.824065 ,83.354211,40
17.824065 ,83.354211,40
17.824065 ,83.354211,40
17.824065 ,83.354239,40
17.824065 ,83.354239,40
17.824065 ,83.354239,40
17.824065 ,83.354239,40
17.824065 ,83.354239,40
17.824065 ,83.354253,40
17.824065 ,83.354267,40
17.824065 ,83.354281,40
17.824065 ,83.354295,40
17.824065 ,83.354295,40
17.824065 ,83.354295,40
17.824065 ,83.354295,40
17.824065 ,83.354295,40
17.824065 ,83.354295,40
17.824065 ,83.354295,40
17.824065 ,83.354295,40
17.824065 ,83.354295,40
17.824065 ,83.354295,40
17.824065 ,83.354295,40
17.824065 ,83.354295,40
17.824065 ,83.354295,40
17.824065 ,83.354295,40
17.824052 ,83.354394,40
17.824052 ,83.354408,40
17.824052 ,83.354408,40
17.824025 ,83.354422,40
17.824025 ,83.354422,40
17.824025 ,83.354422,40
17.824025 ,83.354422,40
17.824025 ,83.354422,40
17.824025 ,83.354422,40
17.824025 ,83.354422,40
17.824025 ,83.354422,40
17.824025 ,83.354422,40
17.824025 ,83.354422,40
17.824025 ,83.354422,40
17.824025 ,83.354422,40
17.824025 ,83.354422,40
17.824025 ,83.354422,40
17.824025 ,83.354422,40
17.824025 ,83.354422,40
17.824025 ,83.354422,40
17.824025 ,83.354422,40
17.824025 ,83.354422,40
17.824025 ,83.354422,40
17.824025 ,83.354422,40
17.824025 ,83.354422,40
17.824025 ,83.354422,40
17.824025 ,83.354422,40
17.824025 ,83.354422,40
17.824025 ,83.354422,40
17.824025 ,83.354422,40
17.824025 ,83.354422,40
17.824025 ,83.354422,40
17.824025 ,83.354422,40
17.824025 ,83.354422,40
17.824025 ,83.354422,40
17.824025 ,83.354422,40
17.824025 ,83.354422,40
17.824025 ,83.354422,40
17.824025 ,83.354422,40
17.824025 ,83.354422,40
17.824025 ,83.354422,40
17.824025 ,83.354422,40
17.824025 ,83.354492,40
17.824025 ,83.354492,40
17.824025 ,83.354506,40
17.824025 ,83.354520,40
17.824025 ,83.354520,40
17.824012 ,83.354520,40
17.824012 ,83.354618,40
17.823972 ,83.354689,40
17.823972 ,83.354717,40
17.823972 ,83.354745,40
17.823972 ,83.354787,40
17.823972 ,83.354829,40
17.823972 ,83.354829,40
17.823972 ,83.354843,40
17.823972 ,83.354885,40
17.823972 ,83.354885,40
17.823972 ,83.354885,40
17.823972 ,83.354885,40
17.823972 ,83.354885,40
17.823972 ,83.354885,40
17.823972 ,83.354885,40
17.823972 ,83.354885,40
17.823972 ,83.354885,40
17.823972 ,83.354885,40
17.823972 ,83.354885,40
17.823972 ,83.354885,40
17.823972 ,83.354885,40
17.823972 ,83.354885,40
17.823972 ,83.354885,40
17.823972 ,83.354885,40
17.823972 ,83.354885,40
17.823972 ,83.354885,40
17.823972 ,83.354885,40
17.823972 ,83.354955,40
17.823972 ,83.354955,40
17.823972 ,83.354955,40
17.823972 ,83.354955,40
17.823972 ,83.354955,40
17.823972 ,83.354955,40
17.823972 ,83.354955,40
17.823972 ,83.354955,40
17.823972 ,83.354998,40
17.823972 ,83.355026,40
17.823972 ,83.355040,40
17.823972 ,83.355040,40
17.823972 ,83.355040,40
17.823972 ,83.355040,40
17.823972 ,83.355040,40
17.823972 ,83.355040,40
17.823972 ,83.355040,40
17.823972 ,83.355040,40
17.823972 ,83.355040,40
17.823972 ,83.355040,40
17.823972 ,83.355040,40
17.823972 ,83.355040,40
17.823972 ,83.355040,40
17.823972 ,83.355040,40
17.823972 ,83.355040,40
17.823972 ,83.355040,40
17.823972 ,83.355040,40
17.823972 ,83.355040,40
17.823972 ,83.355040,40
17.823972 ,83.355040,40
17.823972 ,83.355040,40
17.823972 ,83.355082,40
17.823985 ,83.355082,40
17.823985 ,83.355082,40
17.823985 ,83.355082,40
17.823985 ,83.355082,40
17.823985 ,83.355082,40
17.823985 ,83.355082,40
17.823985 ,83.355082,40
17.823985 ,83.355082,40
17.823985 ,83.355082,40
17.823985 ,83.355082,40
17.823985 ,83.355082,40
17.823985 ,83.355082,40
17.823985 ,83.355082,40
17.823985 ,83.355082,40
17.824012 ,83.355110,40
17.824025 ,83.355166,40
17.824025 ,83.355166,40
17.824025 ,83.355166,40
17.824025 ,83.355166,40
17.824025 ,83.355166,40
17.824025 ,83.355166,40
17.824025 ,83.355166,40
17.824025 ,83.355166,40
17.824025 ,83.355166,40
17.824025 ,83.355166,40
17.824025 ,83.355166,40
17.824025 ,83.355166,40
17.824025 ,83.355166,40
17.824025 ,83.355166,40
17.824025 ,83.355166,40
17.824025 ,83.355166,40
17.824025 ,83.355194,40
17.824025 ,83.355222,40
17.824025 ,83.355236,40
17.824025 ,83.355236,40
17.824025 ,83.355236,40
17.824025 ,83.355236,40
17.824025 ,83.355236,40
17.824025 ,83.355236,40
17.824025 ,83.355236,40
17.824025 ,83.355236,40
17.824025 ,83.355236,40
17.824025 ,83.355236,40
17.824025 ,83.355236,40
17.824025 ,83.355236,40
17.824025 ,83.355236,40
17.824025 ,83.355236,40
17.824025 ,83.355236,40
17.824052 ,83.355264,40
17.824052 ,83.355264,40
17.824052 ,83.355264,40
17.824052 ,83.355264,40
17.824052 ,83.355264,40
17.824052 ,83.355264,40
17.824052 ,83.355264,40
17.824052 ,83.355264,40
17.824052 ,83.355264,40
17.824052 ,83.355264,40
17.824052 ,83.355264,40
17.824052 ,83.355264,40
17.824052 ,83.355264,40
17.824052 ,83.355264,40
17.824052 ,83.355264,40
17.824052 ,83.355264,40
17.824052 ,83.355264,40
17.824052 ,83.355264,40
17.824052 ,83.355264,40
17.824052 ,83.355264,40
17.824052 ,83.355264,40
17.824052 ,83.355264,40
17.824052 ,83.355264,40
17.824052 ,83.355264,40
17.824052 ,83.355264,40
17.824052 ,83.355264,40
17.824052 ,83.355307,40
17.824052 ,83.355307,40
17.824052 ,83.355349,40
17.824065 ,83.355377,40
17.824105 ,83.355433,40
17.824105 ,83.355433,40
17.824119 ,83.355447,40
17.824145 ,83.355475,40
17.824159 ,83.355503,40
17.824172 ,83.355573,40
17.824172 ,83.355588,40
17.824172 ,83.355588,40
17.824172 ,83.355588,40
17.824172 ,83.355588,40
17.824172 ,83.355588,40
17.824172 ,83.355588,40
17.824172 ,83.355588,40
17.824172 ,83.355588,40
17.824172 ,83.355588,40
17.824172 ,83.355588,40
17.824172 ,83.355588,40
17.824172 ,83.355588,40
17.824172 ,83.355588,40
17.824172 ,83.355588,40
17.824172 ,83.355588,40
17.824172 ,83.355588,40
17.824172 ,83.355588,40
17.824172 ,83.355602,40
17.824172 ,83.355602,40
17.824172 ,83.355602,40
17.824172 ,83.355602,40
17.824172 ,83.355602,40
17.824172 ,83.355602,40
17.824172 ,83.355602,40
17.824172 ,83.355602,40
17.824186 ,83.355630,40
17.824199 ,83.355630,40
17.824199 ,83.355644,40
17.824199 ,83.355658,40
17.824199 ,83.355672,40
17.824199 ,83.355700,40
17.824199 ,83.355700,40
17.824199 ,83.355714,40
17.824199 ,83.355714,40
17.824199 ,83.355714,40
17.824212 ,83.355742,40
17.824212 ,83.355742,40
17.824212 ,83.355742,40
17.824212 ,83.355742,40
17.824212 ,83.355742,40
17.824212 ,83.355742,40
17.824212 ,83.355742,40
17.824266 ,83.355784,40
17.824266 ,83.355784,40
17.824279 ,83.355826,40
17.824279 ,83.355826,40
17.824279 ,83.355826,40
17.824279 ,83.355840,40
17.824279 ,83.355854,40
17.824292 ,83.355897,40
17.824319 ,83.355953,40
17.824319 ,83.355953,40
17.824332 ,83.355981,40
17.824332 ,83.355981,40
17.824332 ,83.355981,40
17.824332 ,83.355981,40
17.824332 ,83.355981,40
17.824332 ,83.355981,40
17.824332 ,83.355981,40
17.824332 ,83.355995,40
17.824332 ,83.355995,40
17.824332 ,83.355995,40
17.824332 ,83.356009,40
17.824346 ,83.356107,40
17.824346 ,83.356107,40
17.824346 ,83.356107,40
17.824346 ,83.356107,40
17.824346 ,83.356107,40
17.824346 ,83.356107,40
17.824346 ,83.356107,40
17.824346 ,83.356107,40
17.824346 ,83.356107,40
17.824346 ,83.356107,40
17.824346 ,83.356107,40
17.824346 ,83.356107,40
17.824346 ,83.356107,40
17.824346 ,83.356107,40
17.824346 ,83.356107,40
17.824346 ,83.356107,40
17.824346 ,83.356107,40
17.824346 ,83.356107,40
17.824346 ,83.356107,40
17.824346 ,83.356107,40
17.824346 ,83.356107,40
17.824346 ,83.356107,40
17.824346 ,83.356107,40
17.824346 ,83.356107,40
17.824346 ,83.356107,40
17.824346 ,83.356107,40
17.824346 ,83.356107,40
17.824346 ,83.356107,40
17.824346 ,83.356107,40
17.824346 ,83.356107,40
17.824346 ,83.356107,40
17.824346 ,83.356107,40
17.824346 ,83.356107,40
17.824346 ,83.356107,40
17.824346 ,83.356107,40
17.824346 ,83.356107,40
17.824346 ,83.356107,40
17.824346 ,83.356107,40
17.824346 ,83.356107,40
17.824346 ,83.356107,40
17.824346 ,83.356107,40
17.824346 ,83.356107,40
17.824346 ,83.356107,40
17.824346 ,83.356107,40
17.824346 ,83.356107,40
17.824346 ,83.356107,40
17.824346 ,83.356107,40
17.824346 ,83.356107,40
17.824346 ,83.356107,40
17.824346 ,83.356107,40
17.824346 ,83.356107,40
17.824346 ,83.356107,40
17.824346 ,83.356107,40
17.824346 ,83.356107,40
17.824346 ,83.356107,40
17.824346 ,83.356107,40
17.824346 ,83.356107,40
17.824346 ,83.356107,40
17.824346 ,83.356107,40
17.824346 ,83.356107,40
17.824346 ,83.356107,40
17.824346 ,83.356107,40
17.824346 ,83.356107,40
17.824346 ,83.356135,40
17.824346 ,83.356135,40
17.824346 ,83.356135,40
17.824346 ,83.356135,40
17.824346 ,83.356135,40
17.824346 ,83.356135,40
17.824346 ,83.356135,40
17.824346 ,83.356135,40
17.824346 ,83.356135,40
17.824346 ,83.356135,40
17.824346 ,83.356135,40
17.824346 ,83.356135,40
17.824346 ,83.356135,40
17.824346 ,83.356135,40
17.824359 ,83.356220,40
17.824359 ,83.356220,40
17.824359 ,83.356220,40
17.824359 ,83.356220,40
17.824359 ,83.356220,40
17.824359 ,83.356220,40
17.824359 ,83.356220,40
17.824359 ,83.356220,40
17.824359 ,83.356220,40
17.824369 ,83.356492,60
17.824369 ,83.356467,60
17.824369 ,83.356467,60
17.824369 ,83.356467,60
17.824369 ,83.356467,60
17.824296 ,83.356492,60
17.824296 ,83.356492,60
17.824296 ,83.356492,60
17.824296 ,83.356492,60
17.824296 ,83.356492,60
17.824296 ,83.356492,60
17.824296 ,83.356492,60
17.824296 ,83.356492,60
17.824296 ,83.356492,60
17.824296 ,83.356492,60
17.824296 ,83.356492,60
17.824296 ,83.356492,60
17.824296 ,83.356492,60
17.824246 ,83.356492,60
17.824197 ,83.356492,60
17.824197 ,83.356492,60
17.824148 ,83.356492,60
17.824148 ,83.356492,60
17.824148 ,83.356492,60
17.824148 ,83.356492,60
17.824148 ,83.356492,60
17.824099 ,83.356492,60
17.824099 ,83.356492,60
17.824099 ,83.356492,60
17.824099 ,83.356492,60
17.824099 ,83.356492,60
17.824099 ,83.356492,60
17.824099 ,83.356492,60
17.824099 ,83.356492,60
17.824099 ,83.356492,60
17.824099 ,83.356492,60
17.824099 ,83.356492,60
17.824099 ,83.356492,60
17.824099 ,83.356492,60
17.824099 ,83.356492,60
17.824099 ,83.356492,60
17.824001 ,83.356492,60
17.824001 ,83.356492,60
17.823976 ,83.356492,60
17.823976 ,83.356492,60
17.823976 ,83.356492,60
17.823976 ,83.356492,60
17.823976 ,83.356492,60
17.823976 ,83.356492,60
17.823976 ,83.356492,60
17.823976 ,83.356492,60
17.823976 ,83.356492,60
17.823976 ,83.356492,60
17.823976 ,83.356492,60
17.823927 ,83.356492,60
17.823927 ,83.356492,60
17.823927 ,83.356492,60
17.823927 ,83.356492,60
17.823927 ,83.356492,60
17.823927 ,83.356492,60
17.823927 ,83.356492,60
17.823927 ,83.356492,60
17.823927 ,83.356492,60
17.823903 ,83.356492,60
17.823903 ,83.356492,60
17.823903 ,83.356492,60
17.823903 ,83.356492,60
17.823829 ,83.356492,60
17.823829 ,83.356492,60
17.823829 ,83.356492,60
17.823829 ,83.356492,60
17.823829 ,83.356492,60
17.823804 ,83.356492,60
17.823804 ,83.356492,60
17.823804 ,83.356492,60
17.823804 ,83.356492,60
17.823780 ,83.356492,60
17.823780 ,83.356492,60
17.823780 ,83.356492,60
17.823780 ,83.356492,60
17.823780 ,83.356492,60
17.823780 ,83.356492,60
17.823731 ,83.356492,60
17.823731 ,83.356492,60
17.823731 ,83.356492,60
17.823731 ,83.356492,60
17.823682 ,83.356518,60
17.823657 ,83.356518,60
17.823657 ,83.356518,60
17.823657 ,83.356518,60
17.823657 ,83.356518,60
17.823657 ,83.356518,60
17.823657 ,83.356518,60
17.823657 ,83.356518,60
17.823657 ,83.356518,60
17.823657 ,83.356518,60
17.823657 ,83.356518,60
17.823657 ,83.356518,60
17.823657 ,83.356518,60
17.823657 ,83.356518,60
17.823657 ,83.356518,60
17.823657 ,83.356518,60
17.823657 ,83.356518,60
17.823657 ,83.356518,60
17.823657 ,83.356518,60
17.823657 ,83.356518,60
17.823657 ,83.356518,60
17.823657 ,83.356518,60
17.823657 ,83.356518,60
17.823657 ,83.356518,60
17.823657 ,83.356518,60
17.823657 ,83.356518,60
17.823657 ,83.356518,60
17.823657 ,83.356518,60
17.823657 ,83.356518,60
17.823657 ,83.356518,60
17.823657 ,83.356518,60
17.823657 ,83.356518,60
17.823657 ,83.356544,60
17.823657 ,83.356570,60
17.823632 ,83.356596,60
17.823632 ,83.356596,60
17.823632 ,83.356596,60
17.823632 ,83.356596,60
17.823632 ,83.356596,60
17.823632 ,83.356596,60
17.823632 ,83.356596,60
17.823632 ,83.356596,60
17.823583 ,83.356596,60
17.823559 ,83.356596,60
17.823485 ,83.356596,60
17.823485 ,83.356596,60
17.823485 ,83.356596,60
17.823485 ,83.356596,60
17.823485 ,83.356596,60
17.823436 ,83.356596,60
17.823436 ,83.356596,60
17.823436 ,83.356596,60
17.823436 ,83.356596,60
17.823436 ,83.356596,60
17.823436 ,83.356596,60
17.823436 ,83.356596,60
17.823436 ,83.356596,60
17.823436 ,83.356596,60
17.823436 ,83.356596,60
17.823436 ,83.356596,60
17.823436 ,83.356596,60
17.823436 ,83.356596,60
17.823436 ,83.356596,60
17.823436 ,83.356596,60
17.823411 ,83.356596,60
17.823387 ,83.356596,60
17.823387 ,83.356622,60
17.823387 ,83.356622,60
17.823313 ,83.356622,60
17.823289 ,83.356622,60
17.823289 ,83.356622,60
17.823289 ,83.356622,60
17.823289 ,83.356622,60
17.823289 ,83.356622,60
17.823289 ,83.356622,60
17.823289 ,83.356622,60
17.823289 ,83.356622,60
17.823289 ,83.356622,60
17.823289 ,83.356622,60
17.823289 ,83.356622,60
17.823289 ,83.356622,60
17.823289 ,83.356622,60
17.823289 ,83.356622,60
17.823289 ,83.356622,60
17.823289 ,83.356622,60
17.823289 ,83.356622,60
17.823289 ,83.356622,60
17.823289 ,83.356622,60
17.823289 ,83.356622,60
17.823289 ,83.356622,60
17.823289 ,83.356622,60
17.823289 ,83.356622,60
17.823289 ,83.356622,60
17.823289 ,83.356622,60
17.823289 ,83.356622,60
17.823289 ,83.356622,60
17.823289 ,83.356622,60
17.823289 ,83.356622,60
17.823289 ,83.356622,60
17.823289 ,83.356622,60
17.823289 ,83.356622,60
17.823289 ,83.356622,60
17.823289 ,83.356622,60
17.823289 ,83.356622,60
17.823289 ,83.356622,60
17.823289 ,83.356622,60
17.823289 ,83.356622,60
17.823289 ,83.356622,60
17.823289 ,83.356622,60
17.823289 ,83.356622,60
17.823289 ,83.356622,60
17.823239 ,83.356647,60
17.823239 ,83.356673,60
17.823239 ,83.356673,60
17.823190 ,83.356725,60
17.823117 ,83.356777,60
17.823117 ,83.356777,60
17.823092 ,83.356777,60
17.823018 ,83.356777,60
17.823018 ,83.356777,60
17.823018 ,83.356777,60
17.823018 ,83.356777,60
17.823018 ,83.356777,60
17.823018 ,83.356777,60
17.823018 ,83.356777,60
17.822969 ,83.356777,60
17.822969 ,83.356777,60
17.822969 ,83.356777,60
17.822969 ,83.356777,60
17.822969 ,83.356777,60
17.822969 ,83.356777,60
17.822969 ,83.356777,60
17.822969 ,83.356777,60
17.822969 ,83.356777,60
17.822969 ,83.356777,60
17.822969 ,83.356777,60
17.822969 ,83.356777,60
17.822969 ,83.356777,60
17.822969 ,83.356777,60
17.822969 ,83.356777,60
17.822945 ,83.356777,60
17.822945 ,83.356777,60
17.822896 ,83.356777,60
17.822871 ,83.356777,60
17.822871 ,83.356777,60
17.822871 ,83.356777,60
17.822871 ,83.356777,60
17.822871 ,83.356777,60
17.822871 ,83.356777,60
17.822871 ,83.356777,60
17.822822 ,83.356777,60
17.822822 ,83.356777,60
17.822822 ,83.356777,60
17.822748 ,83.356802,60
17.822748 ,83.356802,60
17.822748 ,83.356802,60
17.822748 ,83.356802,60
17.822748 ,83.356802,60
17.822748 ,83.356802,60
17.822748 ,83.356802,60
17.822748 ,83.356802,60
17.822748 ,83.356802,60
17.822699 ,83.356802,60
17.822675 ,83.356802,60
17.822650 ,83.356802,60
17.822650 ,83.356802,60
17.822650 ,83.356802,60
17.822650 ,83.356802,60
17.822650 ,83.356802,60
17.822650 ,83.356802,60
17.822650 ,83.356802,60
17.822650 ,83.356802,60
17.822650 ,83.356802,60
17.822650 ,83.356802,60
17.822601 ,83.356802,60
17.822576 ,83.356802,60
17.822527 ,83.356802,60
17.822478 ,83.356802,60
17.822478 ,83.356802,60
17.822478 ,83.356802,60
17.822478 ,83.356802,60
17.822478 ,83.356802,60
17.822478 ,83.356802,60
17.822478 ,83.356802,60
17.822478 ,83.356802,60
17.822478 ,83.356802,60
17.822478 ,83.356802,60
17.822478 ,83.356802,60
17.822453 ,83.356802,60
17.822404 ,83.356802,60
17.822404 ,83.356802,60
17.822404 ,83.356802,60
17.822404 ,83.356802,60
17.822404 ,83.356802,60
17.822380 ,83.356802,60
17.822355 ,83.356802,60
17.822306 ,83.356802,60
17.822306 ,83.356802,60
17.822306 ,83.356802,60
17.822306 ,83.356802,60
17.822306 ,83.356802,60
17.822306 ,83.356802,60
17.822306 ,83.356802,60
17.822306 ,83.356802,60
17.822306 ,83.356802,60
17.822306 ,83.356802,60
17.822306 ,83.356802,60
17.822306 ,83.356802,60
17.822306 ,83.356802,60
17.822306 ,83.356802,60
17.822306 ,83.356802,60
17.822306 ,83.356802,60
17.822282 ,83.356828,60
17.822208 ,83.356828,60
17.822208 ,83.356828,60
17.822134 ,83.356854,60
17.822134 ,83.356854,60
17.822110 ,83.356854,60
17.822060 ,83.356854,60
17.822060 ,83.356854,60
17.822060 ,83.356854,60
17.822060 ,83.356854,60
17.822060 ,83.356854,60
17.822060 ,83.356854,60
17.822060 ,83.356854,60
17.822060 ,83.356854,60
17.822060 ,83.356854,60
17.822060 ,83.356854,60
17.822060 ,83.356854,60
17.822060 ,83.356854,60
17.822060 ,83.356854,60
17.822060 ,83.356854,60
17.822060 ,83.356854,60
17.822060 ,83.356854,60
17.822060 ,83.356854,60
17.822060 ,83.356854,60
17.822060 ,83.356854,60
17.822060 ,83.356854,60
17.822060 ,83.356854,60
17.822060 ,83.356854,60
17.822060 ,83.356854,60
17.822060 ,83.356854,60
17.822060 ,83.356854,60
17.822060 ,83.356854,60
17.822060 ,83.356854,60
17.822060 ,83.356854,60
17.822060 ,83.356854,60
17.822060 ,83.356854,60
17.822011 ,83.356906,60
17.822011 ,83.356906,60
17.821987 ,83.356906,60
17.821987 ,83.356906,60
17.821987 ,83.356906,60
17.821962 ,83.356906,60
17.821889 ,83.356906,60
17.821889 ,83.356906,60
17.821889 ,83.356906,60
17.821889 ,83.356906,60
17.821889 ,83.356906,60
17.821889 ,83.356906,60
17.821864 ,83.356906,60
17.821839 ,83.356906,60
17.821839 ,83.356906,60
17.821839 ,83.356906,60
17.821839 ,83.356906,60
17.821839 ,83.356906,60
17.821839 ,83.356906,60
17.821839 ,83.356906,60
17.821839 ,83.356906,60
17.821839 ,83.356906,60
17.821839 ,83.356906,60
17.821839 ,83.356906,60
17.821839 ,83.356906,60
17.821839 ,83.356906,60
17.821839 ,83.356906,60
17.821839 ,83.356906,60
17.821839 ,83.356906,60
17.821839 ,83.356906,60
17.821839 ,83.356906,60
17.821839 ,83.356906,60
17.821839 ,83.356906,60
17.821815 ,83.356906,60
17.821717 ,83.356906,60
17.821717 ,83.356906,60
17.821667 ,83.356906,60
17.821667 ,83.356906,60
17.821594 ,83.356906,60
17.821569 ,83.356906,60
17.821520 ,83.356906,60
17.821496 ,83.356906,60
17.821496 ,83.356906,60
17.821496 ,83.356906,60
17.821496 ,83.356906,60
17.821496 ,83.356906,60
17.821496 ,83.356906,60
17.821496 ,83.356906,60
17.821496 ,83.356906,60
17.821496 ,83.356906,60
17.821496 ,83.356906,60
17.821496 ,83.356906,60
17.821471 ,83.356906,60
17.821471 ,83.356932,60
17.821397 ,83.356957,60
17.821373 ,83.356957,60
17.821324 ,83.356983,60
17.821324 ,83.356983,60
17.821250 ,83.356983,60
17.821250 ,83.356983,60
17.821250 ,83.356983,60
17.821225 ,83.356983,60
17.821201 ,83.356983,60
17.821127 ,83.356983,60
17.821078 ,83.356983,60
17.821029 ,83.356983,60
17.820980 ,83.357061,60
17.820980 ,83.357061,60
17.820980 ,83.357061,60
17.820980 ,83.357061,60
17.820980 ,83.357061,60
17.820980 ,83.357061,60
17.820980 ,83.357061,60
17.820980 ,83.357061,60
17.820980 ,83.357061,60
17.820980 ,83.357061,60
17.820980 ,83.357061,60
17.820980 ,83.357061,60
17.820980 ,83.357061,60
17.820882 ,83.357061,60
17.820882 ,83.357061,60
17.820832 ,83.357061,60
17.820808 ,83.357061,60
17.820808 ,83.357061,60
17.820808 ,83.357061,60
17.820759 ,83.357061,60
17.820759 ,83.357061,60
17.820759 ,83.357061,60
17.820685 ,83.357061,60
17.820660 ,83.357061,60
17.820660 ,83.357061,60
17.820660 ,83.357061,60
17.820660 ,83.357061,60
17.820660 ,83.357061,60
17.820660 ,83.357061,60
17.820660 ,83.357061,60
17.820660 ,83.357061,60
17.820660 ,83.357061,60
17.820660 ,83.357061,60
17.820660 ,83.357061,60
17.820660 ,83.357061,60
17.820660 ,83.357061,60
17.820660 ,83.357061,60
17.820660 ,83.357061,60
17.820660 ,83.357061,60
17.820660 ,83.357061,60
17.820660 ,83.357061,60
17.820587 ,83.357061,60
17.820538 ,83.357061,60
17.820489 ,83.357086,60
17.820489 ,83.357086,60
17.820439 ,83.357086,60
17.820390 ,83.357112,60
17.820366 ,83.357138,60
17.820366 ,83.357138,60
17.820366 ,83.357138,60
17.820366 ,83.357138,60
17.820267 ,83.357138,60
17.820267 ,83.357138,60
17.820169 ,83.357138,60
17.820169 ,83.357138,60
17.820096 ,83.357138,60
17.820071 ,83.357164,60
17.820071 ,83.357164,60
17.820071 ,83.357164,60
17.820022 ,83.357164,60
17.819973 ,83.357164,60
17.819973 ,83.357164,60
17.819973 ,83.357164,60
17.819973 ,83.357164,60
17.819973 ,83.357164,60
17.819973 ,83.357164,60
17.819973 ,83.357164,60
17.819973 ,83.357164,60
17.819973 ,83.357164,60
17.819973 ,83.357164,60
17.819924 ,83.357164,60
17.819899 ,83.357164,60
17.819874 ,83.357164,60
17.819801 ,83.357164,60
17.819752 ,83.357164,60
17.819752 ,83.357164,60
17.819752 ,83.357164,60
17.819703 ,83.357164,60
17.819653 ,83.357164,60
17.819580 ,83.357164,60
17.819580 ,83.357164,60
17.819580 ,83.357164,60
17.819580 ,83.357164,60
17.819580 ,83.357164,60
17.819580 ,83.357164,60
17.819580 ,83.357164,60
17.819580 ,83.357164,60
17.819555 ,83.357164,60
17.819481 ,83.357164,60
17.819457 ,83.357164,60
17.819457 ,83.357164,60
17.819432 ,83.357164,60
17.819432 ,83.357164,60
17.819408 ,83.357138,60
17.819359 ,83.357138,60
17.819285 ,83.357138,60
17.819260 ,83.357138,60
17.819187 ,83.357138,60
17.819088 ,83.357138,60
17.819039 ,83.357138,60
17.819039 ,83.357138,60
17.818941 ,83.357138,60
17.818941 ,83.357138,60
17.818941 ,83.357138,60
17.818941 ,83.357138,60
17.818941 ,83.357138,60
17.818941 ,83.357138,60
17.818941 ,83.357138,60
17.818941 ,83.357138,60
17.818941 ,83.357138,60
17.818941 ,83.357138,60
17.818917 ,83.357138,60
17.818917 ,83.357138,60
17.818843 ,83.357112,60
17.818843 ,83.357112,60
17.818818 ,83.357112,60
17.818745 ,83.357112,60
17.818720 ,83.357112,60
17.818622 ,83.357112,60
17.818622 ,83.357112,60
17.818622 ,83.357112,60
17.818622 ,83.357112,60
17.818597 ,83.357112,60
17.818548 ,83.357112,60
17.818548 ,83.357112,60
17.818499 ,83.357086,60
17.818425 ,83.357086,60
17.818376 ,83.357086,60
17.818278 ,83.357086,60
17.818278 ,83.357086,60
17.818229 ,83.357086,60
17.818131 ,83.357086,60
17.818131 ,83.357086,60
17.818081 ,83.357086,60
17.818057 ,83.357061,60
17.818057 ,83.357061,60
17.818032 ,83.357009,60
17.817983 ,83.357009,60
17.817910 ,83.357009,60
17.817860 ,83.357009,60
17.817713 ,83.357009,60
17.817713 ,83.357009,60
17.817713 ,83.357009,60
17.817688 ,83.357009,60
17.817688 ,83.357009,60
17.817639 ,83.357009,60
17.817492 ,83.357009,60
17.817418 ,83.357009,60
17.817418 ,83.357009,60
17.817418 ,83.357009,60
17.817418 ,83.357009,60
17.817418 ,83.357009,60
17.817418 ,83.357009,60
17.817345 ,83.357009,60
17.817295 ,83.357009,60
17.817222 ,83.357009,60
17.817148 ,83.356983,60
17.817074 ,83.356983,60
17.817001 ,83.356983,60
17.817001 ,83.356983,60
17.816927 ,83.356932,60
17.816927 ,83.356932,60
17.816927 ,83.356932,60
17.816829 ,83.356932,60
17.816780 ,83.356932,60
17.816755 ,83.356932,60
17.816755 ,83.356932,60
17.816755 ,83.356932,60
17.816755 ,83.356932,60
17.816755 ,83.356932,60
17.816755 ,83.356932,60
17.816755 ,83.356932,60
17.816755 ,83.356932,60
17.816755 ,83.356932,60
17.816755 ,83.356932,60
17.816731 ,83.356932,60
17.816657 ,83.356932,60
17.816657 ,83.356932,60
17.816583 ,83.356932,60
17.816559 ,83.356932,60
17.816559 ,83.356932,60
17.816559 ,83.356932,60
17.816559 ,83.356932,60
17.816559 ,83.356932,60
17.816559 ,83.356932,60
17.816559 ,83.356932,60
17.816559 ,83.356932,60
17.816559 ,83.356932,60
17.816509 ,83.356932,60
17.816509 ,83.356932,60
17.816509 ,83.356932,60
17.816509 ,83.356932,60
17.816451 ,83.356572,40
17.816451 ,83.356572,40
17.816451 ,83.356572,40
17.816451 ,83.356572,40
17.816451 ,83.356572,40
17.816451 ,83.356572,40
17.816451 ,83.356549,40
17.816451 ,83.356479,40
17.816451 ,83.356479,40
17.816451 ,83.356479,40
17.816451 ,83.356479,40
17.816451 ,83.356479,40
17.816451 ,83.356479,40
17.816451 ,83.356479,40
17.816451 ,83.356479,40
17.816451 ,83.356479,40
17.816451 ,83.356479,40
17.816451 ,83.356479,40
17.816451 ,83.356479,40
17.816451 ,83.356479,40
17.816451 ,83.356479,40
17.816451 ,83.356479,40
17.816451 ,83.356479,40
17.816451 ,83.356479,40
17.816451 ,83.356479,40
17.816451 ,83.356479,40
17.816451 ,83.356479,40
17.816451 ,83.356479,40
17.816451 ,83.356479,40
17.816451 ,83.356479,40
17.816451 ,83.356479,40
17.816451 ,83.356479,40
17.816451 ,83.356479,40
17.816451 ,83.356479,40
17.816451 ,83.356479,40
17.816451 ,83.356479,40
17.816451 ,83.356432,40
17.816451 ,83.356432,40
17.816451 ,83.356386,40
17.816451 ,83.356386,40
17.816451 ,83.356386,40
17.816451 ,83.356386,40
17.816451 ,83.356386,40
17.816451 ,83.356386,40
17.816451 ,83.356386,40
17.816451 ,83.356386,40
17.816451 ,83.356386,40
17.816451 ,83.356386,40
17.816451 ,83.356362,40
17.816451 ,83.356292,40
17.816451 ,83.356292,40
17.816451 ,83.356292,40
17.816451 ,83.356292,40
17.816451 ,83.356292,40
17.816451 ,83.356292,40
17.816451 ,83.356292,40
17.816451 ,83.356292,40
17.816451 ,83.356292,40
17.816451 ,83.356292,40
17.816451 ,83.356292,40
17.816451 ,83.356292,40
17.816451 ,83.356292,40
17.816451 ,83.356292,40
17.816451 ,83.356292,40
17.816451 ,83.356292,40
17.816451 ,83.356292,40
17.816451 ,83.356269,40
17.816451 ,83.356269,40
17.816451 ,83.356269,40
17.816451 ,83.356245,40
17.816451 ,83.356245,40
17.816451 ,83.356245,40
17.816451 ,83.356245,40
17.816451 ,83.356222,40
17.816451 ,83.356152,40
17.816451 ,83.356152,40
17.816451 ,83.356152,40
17.816451 ,83.356152,40
17.816451 ,83.356152,40
17.816451 ,83.356152,40
17.816451 ,83.356152,40
17.816451 ,83.356152,40
17.816451 ,83.356152,40
17.816451 ,83.356105,40
17.816451 ,83.356082,40
17.816451 ,83.356082,40
17.816451 ,83.356059,40
17.816451 ,83.356012,40
17.816451 ,83.356012,40
17.816451 ,83.356012,40
17.816451 ,83.356012,40
17.816451 ,83.356012,40
17.816451 ,83.356012,40
17.816451 ,83.356012,40
17.816451 ,83.356012,40
17.816451 ,83.356012,40
17.816451 ,83.356012,40
17.816451 ,83.356012,40
17.816451 ,83.356012,40
17.816451 ,83.356012,40
17.816451 ,83.356012,40
17.816451 ,83.356012,40
17.816451 ,83.355989,40
17.816451 ,83.355942,40
17.816451 ,83.355942,40
17.816451 ,83.355942,40
17.816451 ,83.355942,40
17.816451 ,83.355942,40
17.816451 ,83.355942,40
17.816451 ,83.355942,40
17.816451 ,83.355942,40
17.816451 ,83.355942,40
17.816451 ,83.355942,40
17.816451 ,83.355942,40
17.816451 ,83.355942,40
17.816451 ,83.355942,40
17.816451 ,83.355942,40
17.816451 ,83.355942,40
17.816451 ,83.355942,40
17.816451 ,83.355942,40
17.816451 ,83.355942,40
17.816451 ,83.355942,40
17.816451 ,83.355942,40
17.816451 ,83.355895,40
17.816451 ,83.355872,40
17.816451 ,83.355849,40
17.816451 ,83.355849,40
17.816451 ,83.355802,40
17.816451 ,83.355802,40
17.816451 ,83.355802,40
17.816451 ,83.355802,40
17.816451 ,83.355779,40
17.816451 ,83.355779,40
17.816451 ,83.355779,40
17.816451 ,83.355779,40
17.816451 ,83.355779,40
17.816451 ,83.355779,40
17.816451 ,83.355779,40
17.816451 ,83.355779,40
17.816451 ,83.355779,40
17.816451 ,83.355779,40
17.816451 ,83.355779,40
17.816451 ,83.355779,40
17.816451 ,83.355779,40
17.816451 ,83.355779,40
17.816451 ,83.355779,40
17.816451 ,83.355779,40
17.816451 ,83.355779,40
17.816451 ,83.355779,40
17.816451 ,83.355779,40
17.816451 ,83.355779,40
17.816451 ,83.355779,40
17.816451 ,83.355779,40
17.816451 ,83.355779,40
17.816451 ,83.355779,40
17.816451 ,83.355779,40
17.816451 ,83.355779,40
17.816451 ,83.355779,40
17.816451 ,83.355779,40
17.816451 ,83.355779,40
17.816451 ,83.355779,40
17.816451 ,83.355779,40
17.816451 ,83.355779,40
17.816451 ,83.355779,40
17.816451 ,83.355779,40
17.816451 ,83.355779,40
17.816451 ,83.355779,40
17.816451 ,83.355779,40
17.816451 ,83.355779,40
17.816451 ,83.355779,40
17.816451 ,83.355779,40
17.816451 ,83.355779,40
17.816451 ,83.355779,40
17.816451 ,83.355779,40
17.816451 ,83.355779,40
17.816451 ,83.355779,40
17.816451 ,83.355779,40
17.816451 ,83.355779,40
17.816451 ,83.355779,40
17.816451 ,83.355779,40
17.816451 ,83.355779,40
17.816451 ,83.355779,40
17.816451 ,83.355779,40
17.816451 ,83.355779,40
17.816451 ,83.355779,40
17.816451 ,83.355779,40
17.816451 ,83.355779,40
17.816451 ,83.355779,40
17.816451 ,83.355779,40
17.816451 ,83.355779,40
17.816451 ,83.355779,40
17.816451 ,83.355779,40
17.816451 ,83.355779,40
17.816451 ,83.355779,40
17.816451 ,83.355779,40
17.816451 ,83.355779,40
17.816451 ,83.355779,40
17.816451 ,83.355779,40
17.816451 ,83.355779,40
17.816451 ,83.355779,40
17.816451 ,83.355779,40
17.816451 ,83.355779,40
17.816451 ,83.355779,40
17.816451 ,83.355779,40
17.816451 ,83.355779,40
17.816451 ,83.355779,40
17.816451 ,83.355779,40
17.816451 ,83.355779,40
17.816428 ,83.355335,40
17.816428 ,83.355335,40
17.816428 ,83.355335,40
17.816428 ,83.355335,40
17.816428 ,83.355335,40
17.816428 ,83.355335,40
17.816428 ,83.355335,40
17.816428 ,83.355335,40
17.816428 ,83.355335,40
17.816428 ,83.355335,40
17.816428 ,83.355335,40
17.816428 ,83.355335,40
17.816428 ,83.355335,40
17.816428 ,83.355335,40
17.816428 ,83.355335,40
17.816428 ,83.355335,40
17.816428 ,83.355312,40
17.816428 ,83.355452,40
17.816428 ,83.355685,40
17.816428 ,83.355709,40
17.816428 ,83.355779,40
17.816428 ,83.355732,40
17.816428 ,83.355615,40
17.816428 ,83.355615,40
17.816428 ,83.355615,40
17.816428 ,83.355615,40
17.816428 ,83.355615,40
17.816428 ,83.355615,40
17.816428 ,83.355615,40
17.816428 ,83.355615,40
17.816428 ,83.355615,40
17.816428 ,83.355615,40
17.816428 ,83.355615,40
17.816428 ,83.355615,40
17.816428 ,83.355615,40
17.816428 ,83.355615,40
17.816428 ,83.355615,40
17.816428 ,83.355545,40
17.816428 ,83.355545,40
17.816428 ,83.355429,40
17.816428 ,83.355429,40
17.816428 ,83.355429,40
17.816428 ,83.355429,40
17.816428 ,83.355429,40
17.816428 ,83.355429,40
17.816428 ,83.355429,40
17.816428 ,83.355405,40
17.816428 ,83.355405,40
17.816428 ,83.355405,40
17.816428 ,83.355405,40
17.816428 ,83.355405,40
17.816428 ,83.355405,40
17.816428 ,83.355405,40
17.816428 ,83.355405,40
17.816428 ,83.355405,40
17.816428 ,83.355335,40
17.816428 ,83.355335,40
17.816428 ,83.355288,40
17.816428 ,83.355265,40
17.816428 ,83.355265,40
17.816428 ,83.355265,40
17.816428 ,83.355218,40
17.816428 ,83.355195,40
17.816428 ,83.355195,40
17.816428 ,83.355148,40
17.816428 ,83.355148,40
17.816428 ,83.355125,40
17.816428 ,83.355125,40
17.816428 ,83.355125,40
17.816428 ,83.355125,40
17.816428 ,83.355125,40
17.816428 ,83.355125,40
17.816428 ,83.355125,40
17.816428 ,83.355125,40
17.816428 ,83.355125,40
17.816428 ,83.355125,40
17.816428 ,83.355125,40
17.816428 ,83.355102,40
17.816428 ,83.355032,40
17.816428 ,83.355008,40
17.816428 ,83.354938,40
17.816428 ,83.354915,40
17.816428 ,83.354868,40
17.816428 ,83.354868,40
17.816428 ,83.354822,40
17.816428 ,83.354775,40
17.816428 ,83.354705,40
17.816428 ,83.354682,40
17.816428 ,83.354635,40
17.816428 ,83.354635,40
17.816428 ,83.354635,40
17.816428 ,83.354635,40
17.816428 ,83.354635,40
17.816428 ,83.354635,40
17.816428 ,83.354612,40
17.816428 ,83.354565,40
17.816428 ,83.354565,40
17.816428 ,83.354565,40
17.816428 ,83.354565,40
17.816428 ,83.354565,40
17.816428 ,83.354518,40
17.816428 ,83.354471,40
17.816406 ,83.354401,40
17.816406 ,83.354401,40
17.816384 ,83.354355,40
17.816384 ,83.354331,40
17.816384 ,83.354331,40
17.816384 ,83.354261,40
17.816384 ,83.354261,40
17.816340 ,83.354145,40
17.816340 ,83.354075,40
17.816340 ,83.354028,40
17.816340 ,83.354028,40
17.816340 ,83.354005,40
17.816340 ,83.354005,40
17.816340 ,83.353958,40
17.816340 ,83.353935,40
17.816340 ,83.353911,40
17.816340 ,83.353888,40
17.816340 ,83.353888,40
17.816340 ,83.353888,40
17.816340 ,83.353888,40
17.816340 ,83.353818,40
17.816340 ,83.353818,40
17.816340 ,83.353818,40
17.816340 ,83.353818,40
17.816340 ,83.353818,40
17.816340 ,83.353818,40
17.816340 ,83.353818,40
17.816340 ,83.353818,40
17.816340 ,83.353818,40
17.816340 ,83.353818,40
17.816340 ,83.353818,40
17.816340 ,83.353748,40
17.816317 ,83.353701,40
17.816317 ,83.353701,40
17.816317 ,83.353701,40
17.816317 ,83.353701,40
17.816317 ,83.353701,40
17.816317 ,83.353701,40
17.816317 ,83.353701,40
17.816317 ,83.353701,40
17.816317 ,83.353701,40
17.816317 ,83.353701,40
17.816317 ,83.353701,40
17.816317 ,83.353701,40
17.816317 ,83.353701,40
17.816317 ,83.353701,40
17.816317 ,83.353701,40
17.816317 ,83.353701,40
17.816317 ,83.353701,40
17.816317 ,83.353701,40
17.816317 ,83.353701,40
17.816317 ,83.353701,40
17.816317 ,83.353701,40
17.816317 ,83.353701,40
17.816317 ,83.353701,40
17.816317 ,83.353701,40
17.816317 ,83.353701,40
17.816317 ,83.353701,40
17.816317 ,83.353701,40
17.816317 ,83.353701,40
17.816317 ,83.353701,40
17.816317 ,83.353678,40
17.816295 ,83.353608,40
17.816295 ,83.353584,40
17.816295 ,83.353538,40
17.816295 ,83.353514,40
17.816295 ,83.353421,40
17.816295 ,83.353421,40
17.816295 ,83.353351,40
17.816295 ,83.353351,40
17.816295 ,83.353304,40
17.816295 ,83.353258,40
17.816295 ,83.353258,40
17.816295 ,83.353258,40
17.816295 ,83.353258,40
17.816295 ,83.353258,40
17.816295 ,83.353258,40
17.816295 ,83.353258,40
17.816295 ,83.353188,40
17.816295 ,83.353188,40
17.816273 ,83.353164,40
17.816273 ,83.353164,40
17.816273 ,83.353164,40
17.816273 ,83.353164,40
17.816273 ,83.353164,40
17.816273 ,83.353164,40
17.816273 ,83.353164,40
17.816273 ,83.353164,40
17.816273 ,83.353164,40
17.816273 ,83.353164,40
17.816273 ,83.353164,40
17.816273 ,83.353118,40
17.816273 ,83.353094,40
17.816273 ,83.353024,40
17.816273 ,83.353024,40
17.816273 ,83.353024,40
17.816273 ,83.353024,40
17.816273 ,83.353024,40
17.816273 ,83.352978,40
17.816251 ,83.352954,40
17.816251 ,83.352861,40
17.816251 ,83.352837,40
17.816251 ,83.352837,40
17.816251 ,83.352837,40
17.816251 ,83.352837,40
17.816251 ,83.352837,40
17.816251 ,83.352837,40
17.816251 ,83.352837,40
17.816251 ,83.352837,40
17.816251 ,83.352837,40
17.816251 ,83.352837,40
17.816251 ,83.352837,40
17.816251 ,83.352837,40
17.816251 ,83.352837,40
17.816251 ,83.352837,40
17.816251 ,83.352837,40
17.816251 ,83.352837,40
17.816251 ,83.352837,40
17.816251 ,83.352837,40
17.816251 ,83.352837,40
17.816251 ,83.352837,40
17.816251 ,83.352837,40
17.816251 ,83.352837,40
17.816251 ,83.352837,40
17.816251 ,83.352814,40
17.816251 ,83.352814,40
17.816206 ,83.352627,40
17.816206 ,83.352557,40
17.816206 ,83.352557,40
17.816206 ,83.352557,40
17.816206 ,83.352557,40
17.816206 ,83.352557,40
17.816206 ,83.352557,40
17.816206 ,83.352557,40
17.816206 ,83.352557,40
17.816206 ,83.352557,40
17.816206 ,83.352557,40
17.816206 ,83.352557,40
17.816206 ,83.352557,40
17.816206 ,83.352557,40
17.816206 ,83.352534,40
17.816206 ,83.352441,40
17.816206 ,83.352394,40
17.816206 ,83.352394,40
17.816206 ,83.352347,40
17.816206 ,83.352277,40
17.816206 ,83.352277,40
17.816206 ,83.352277,40
17.816206 ,83.352277,40
17.816206 ,83.352277,40
17.816206 ,83.352277,40
17.816206 ,83.352254,40
17.816206 ,83.352254,40
17.816206 ,83.352254,40
17.816206 ,83.352254,40
17.816206 ,83.352254,40
17.816206 ,83.352207,40
17.816206 ,83.352184,40
17.816206 ,83.352184,40
17.816206 ,83.352184,40
17.816206 ,83.352184,40
17.816206 ,83.352184,40
17.816206 ,83.352184,40
17.816206 ,83.352184,40
17.816206 ,83.352184,40
17.816206 ,83.352184,40
17.816206 ,83.352184,40
17.816206 ,83.352184,40
17.816206 ,83.352184,40
17.816206 ,83.352184,40
17.816206 ,83.352184,40
17.816206 ,83.352184,40
17.816206 ,83.352184,40
17.816206 ,83.352184,40
17.816206 ,83.352067,40
17.816206 ,83.352067,40
17.816206 ,83.352067,40
17.816206 ,83.352067,40
17.816206 ,83.352067,40
17.816206 ,83.352067,40
17.816206 ,83.352067,40
17.816206 ,83.352067,40
17.816206 ,83.352067,40
17.816206 ,83.352067,40
17.816206 ,83.352067,40
17.816206 ,83.352067,40
17.816206 ,83.352067,40
17.816206 ,83.352067,40
17.816206 ,83.351997,40
17.816206 ,83.351904,40
17.816206 ,83.351904,40
17.816206 ,83.351904,40
17.816206 ,83.351904,40
17.816206 ,83.351904,40
17.816206 ,83.351904,40
17.816206 ,83.351904,40
17.816206 ,83.351904,40
17.816206 ,83.351904,40
17.816206 ,83.351880,40
17.816206 ,83.351787,40
17.816206 ,83.351787,40
17.816206 ,83.351764,40
17.816206 ,83.351764,40
17.816206 ,83.351764,40
17.816206 ,83.351764,40
17.816206 ,83.351764,40
17.816206 ,83.351764,40
17.816206 ,83.351764,40
17.816206 ,83.351694,40
17.816206 ,83.351694,40
17.816206 ,83.351694,40
17.816206 ,83.351694,40
17.816206 ,83.351694,40
17.816206 ,83.351694,40
17.816206 ,83.351694,40
17.816206 ,83.351694,40
17.816206 ,83.351694,40
17.816206 ,83.351694,40
17.816206 ,83.351694,40
17.816206 ,83.351694,40
17.816206 ,83.351694,40
17.816206 ,83.351694,40
17.816206 ,83.351694,40
17.816206 ,83.351694,40
17.816206 ,83.351694,40
17.816206 ,83.351694,40
17.816206 ,83.351694,40
17.816206 ,83.351484,40
17.816206 ,83.351484,40
17.816206 ,83.351484,40
17.816206 ,83.351484,40
17.816206 ,83.351484,40
17.816206 ,83.351484,40
17.816206 ,83.351484,40
17.816206 ,83.351484,40
17.816206 ,83.351484,40
17.816206 ,83.351484,40
17.816206 ,83.351484,40
17.816206 ,83.351484,40
17.816206 ,83.351484,40
17.816206 ,83.351484,40
17.816206 ,83.351484,40
17.816206 ,83.351484,40
17.816206 ,83.351484,40
17.816206 ,83.351484,40
17.816206 ,83.351484,40
17.816206 ,83.351484,40
17.816206 ,83.351484,40
17.816206 ,83.351484,40
17.816206 ,83.351484,40
17.816206 ,83.351484,40
17.816206 ,83.351484,40
17.816206 ,83.351484,40
17.816206 ,83.351484,40
17.816206 ,83.351484,40
17.816206 ,83.351484,40
17.816206 ,83.351484,40
17.816206 ,83.351484,40
17.816206 ,83.351484,40
17.816206 ,83.351484,40
17.816206 ,83.351460,40
17.816206 ,83.351437,40
17.816206 ,83.351437,40
17.816206 ,83.351437,40
17.816206 ,83.351437,40
17.816206 ,83.351437,40
17.816206 ,83.351437,40
17.816206 ,83.351437,40
17.816206 ,83.351437,40
17.816206 ,83.351437,40
17.816206 ,83.351437,40
17.816206 ,83.351437,40
17.816206 ,83.351437,40
17.816206 ,83.351437,40
17.816206 ,83.351437,40
17.816206 ,83.351414,40
17.816206 ,83.351344,40
17.816206 ,83.351250,40
17.816206 ,83.351204,40
17.816206 ,83.351204,40
17.816206 ,83.351204,40
17.816206 ,83.351204,40
17.816206 ,83.351133,40
17.816206 ,83.351087,40
17.816206 ,83.351017,40
17.816206 ,83.350993,40
17.816206 ,83.350993,40
17.816206 ,83.350993,40
17.816206 ,83.350993,40
17.816206 ,83.350993,40
17.816251 ,83.350900,40
17.816251 ,83.350900,40
17.816251 ,83.350900,40
17.816251 ,83.350900,40
17.816295 ,83.350900,40
17.816384 ,83.350877,40
17.816495 ,83.350783,40
17.816539 ,83.350737,40
17.816539 ,83.350713,40
17.816539 ,83.350713,40
17.816539 ,83.350713,40
17.816539 ,83.350713,40
17.816539 ,83.350713,40
17.816539 ,83.350713,40
17.816539 ,83.350713,40
17.816539 ,83.350713,40
17.816539 ,83.350713,40
17.816539 ,83.350713,40
17.816539 ,83.350667,40
17.816584 ,83.350597,40
17.816584 ,83.350597,40
17.816584 ,83.350597,40
17.816584 ,83.350597,40
17.816584 ,83.350597,40
17.816584 ,83.350597,40
17.816584 ,83.350597,40
17.816584 ,83.350597,40
17.816584 ,83.350597,40
17.816584 ,83.350597,40
17.816584 ,83.350597,40
17.816584 ,83.350527,40
17.816584 ,83.350527,40
17.816584 ,83.350527,40
17.816584 ,83.350527,40
17.816584 ,83.350527,40
17.816584 ,83.350527,40
17.816584 ,83.350527,40
17.816584 ,83.350527,40
17.816584 ,83.350527,40
17.816584 ,83.350527,40
17.816584 ,83.350527,40
17.816584 ,83.350527,40
17.816584 ,83.350527,40
17.816584 ,83.350527,40
17.816584 ,83.350527,40
17.816584 ,83.350527,40
17.816584 ,83.350527,40
17.816584 ,83.350527,40
17.816584 ,83.350527,40
17.816584 ,83.350527,40
17.816584 ,83.350527,40
17.816606 ,83.350433,40
17.816606 ,83.350433,40
17.816628 ,83.350363,40
17.816628 ,83.350363,40
17.816628 ,83.350363,40
17.816628 ,83.350363,40
17.816628 ,83.350363,40
17.816628 ,83.350363,40
17.816739 ,83.350293,40
17.816739 ,83.350293,40
17.816783 ,83.350246,40
17.816783 ,83.350246,40
17.816783 ,83.350246,40
17.816783 ,83.350083,40
17.816783 ,83.350083,40
17.816783 ,83.350013,40
17.816828 ,83.349873,40
17.816828 ,83.349873,40
17.816828 ,83.349873,40
17.816828 ,83.349873,40
17.816828 ,83.349873,40
17.816828 ,83.349873,40
17.816828 ,83.349873,40
17.816828 ,83.349873,40
17.816828 ,83.349873,40
17.816828 ,83.349873,40
17.816828 ,83.349873,40
17.816828 ,83.349873,40
17.816828 ,83.349873,40
17.816828 ,83.349873,40
17.816828 ,83.349850,40
17.816828 ,83.349826,40
17.816828 ,83.349803,40
17.816828 ,83.349803,40
17.816828 ,83.349803,40
17.816850 ,83.349780,40
17.816850 ,83.349686,40
17.816917 ,83.349570,40
17.816939 ,83.349313,40
17.816939 ,83.349313,40
17.816939 ,83.349313,40
17.816939 ,83.349313,40
17.816939 ,83.349313,40
17.816939 ,83.349313,40
17.816939 ,83.349313,40
17.816939 ,83.349313,40
17.816939 ,83.349313,40
17.816939 ,83.349313,40
17.816939 ,83.349313,40
17.816939 ,83.349313,40
17.816939 ,83.349313,40
17.816939 ,83.349313,40
17.816939 ,83.349313,40
17.816939 ,83.349313,40
17.816939 ,83.349313,40
17.816939 ,83.349313,40
17.816939 ,83.349313,40
17.816939 ,83.349313,40
17.816939 ,83.349313,40
17.816939 ,83.349266,40
17.816939 ,83.349196,40
17.816983 ,83.349149,40
17.816983 ,83.349126,40
17.816983 ,83.349079,40
17.816983 ,83.349056,40
17.816983 ,83.349056,40
17.817005 ,83.348986,40
17.817005 ,83.348986,40
17.817005 ,83.348986,40
17.817005 ,83.348986,40
17.817005 ,83.348986,40
17.817005 ,83.348986,40
17.817005 ,83.348986,40
17.817005 ,83.348986,40
17.817005 ,83.348986,40
17.817005 ,83.348986,40
17.817005 ,83.348986,40
17.817005 ,83.348986,40
17.817005 ,83.348986,40
17.817005 ,83.348986,40
17.817005 ,83.348986,40
17.817005 ,83.348986,40
17.817005 ,83.348986,40
17.817005 ,83.348986,40
17.817005 ,83.348986,40
17.817005 ,83.348986,40
17.817005 ,83.348986,40
17.817005 ,83.348986,40
17.817005 ,83.348986,40
17.817005 ,83.348986,40
17.817005 ,83.348986,40
17.817028 ,83.348869,40
17.817028 ,83.348869,40
17.817028 ,83.348869,40
17.817050 ,83.348729,40
17.817050 ,83.348729,40
17.817050 ,83.348729,40
17.817050 ,83.348729,40
17.817050 ,83.348729,40
17.817050 ,83.348729,40
17.817050 ,83.348729,40
17.817050 ,83.348729,40
17.817050 ,83.348729,40
17.817050 ,83.348636,40
17.817050 ,83.348613,40
17.817050 ,83.348566,40
17.817050 ,83.348566,40
17.817050 ,83.348496,40
17.817050 ,83.348496,40
17.817094 ,83.348402,40
17.817116 ,83.348356,40
17.817116 ,83.348356,40
17.817116 ,83.348356,40
17.817116 ,83.348356,40
17.817116 ,83.348356,40
17.817116 ,83.348356,40
17.817139 ,83.348216,40
17.817139 ,83.348216,40
17.817139 ,83.348169,40
17.817139 ,83.348169,40
17.817139 ,83.348169,40
17.817139 ,83.348169,40
17.817139 ,83.348169,40
17.817139 ,83.348169,40
17.817139 ,83.348169,40
17.817139 ,83.348169,40
17.817139 ,83.348169,40
17.817139 ,83.348169,40
17.817139 ,83.348169,40
17.817139 ,83.348169,40
17.817139 ,83.348169,40
17.817139 ,83.348169,40
17.817139 ,83.348169,40
17.817139 ,83.348169,40
17.817139 ,83.348169,40
17.817139 ,83.348169,40
17.817139 ,83.348169,40
17.817139 ,83.348169,40
17.817139 ,83.348169,40
17.817139 ,83.348169,40
17.817139 ,83.348169,40
17.817139 ,83.348169,40
17.817139 ,83.348169,40
17.817139 ,83.348169,40
17.817139 ,83.348169,40
17.817139 ,83.348169,40
17.817139 ,83.348169,40
17.817139 ,83.348169,40
17.817139 ,83.348169,40
17.817139 ,83.348169,40
17.817139 ,83.348169,40
17.817139 ,83.348169,40
17.817139 ,83.348169,40
17.817139 ,83.348169,40
17.817139 ,83.348169,40
17.817139 ,83.348169,40
17.817139 ,83.348169,40
17.817139 ,83.348169,40
17.817139 ,83.348099,40
17.817139 ,83.348099,40
17.817139 ,83.348099,40
17.817139 ,83.348099,40
17.817139 ,83.348099,40
17.817139 ,83.348099,40
17.817139 ,83.348099,40
17.817139 ,83.348099,40
17.817139 ,83.348099,40
17.817139 ,83.348099,40
17.817139 ,83.348099,40
17.817139 ,83.348099,40
17.817139 ,83.348099,40
17.817139 ,83.348099,40
17.817139 ,83.348099,40
17.817272 ,83.347912,40
17.817272 ,83.347912,40
17.817316 ,83.347819,40
17.817316 ,83.347819,40
17.817316 ,83.347819,40
17.817316 ,83.347819,40
17.817316 ,83.347819,40
17.817316 ,83.347819,40
17.817316 ,83.347819,40
17.817316 ,83.347819,40
17.817316 ,83.347819,40
17.817316 ,83.347819,40
17.817316 ,83.347796,40
17.817316 ,83.347796,40
17.817316 ,83.347796,40
17.817316 ,83.347796,40
17.817316 ,83.347796,40
17.817316 ,83.347796,40
17.817383 ,83.347702,40
17.817405 ,83.347632,40
17.817405 ,83.347562,40
17.817405 ,83.347562,40
17.817405 ,83.347562,40
17.817405 ,83.347562,40
17.817405 ,83.347562,40
17.817405 ,83.347562,40
17.817405 ,83.347562,40
17.817405 ,83.347562,40
17.817405 ,83.347562,40
17.817527 ,83.347615,20
17.817536 ,83.347615,20
17.817536 ,83.347615,20
17.817552 ,83.347615,20
17.817552 ,83.347615,20
17.817552 ,83.347615,20
17.817552 ,83.347615,20
17.817552 ,83.347615,20
17.817552 ,83.347615,20
17.817552 ,83.347615,20
17.817552 ,83.347615,20
17.817552 ,83.347615,20
17.817552 ,83.347615,20
17.817552 ,83.347615,20
17.817569 ,83.347624,20
17.817569 ,83.347624,20
17.817569 ,83.347624,20
17.817578 ,83.347624,20
17.817578 ,83.347624,20
17.817578 ,83.347624,20
17.817578 ,83.347624,20
17.817578 ,83.347624,20
17.817595 ,83.347624,20
17.817595 ,83.347624,20
17.817612 ,83.347624,20
17.817612 ,83.347624,20
17.817645 ,83.347633,20
17.817645 ,83.347633,20
17.817662 ,83.347650,20
17.817671 ,83.347650,20
17.817671 ,83.347650,20
17.817696 ,83.347668,20
17.817713 ,83.347668,20
17.817713 ,83.347668,20
17.817730 ,83.347668,20
17.817730 ,83.347668,20
17.817730 ,83.347668,20
17.817730 ,83.347668,20
17.817730 ,83.347668,20
17.817730 ,83.347668,20
17.817730 ,83.347668,20
17.817730 ,83.347668,20
17.817730 ,83.347668,20
17.817730 ,83.347668,20
17.817730 ,83.347668,20
17.817755 ,83.347668,20
17.817772 ,83.347677,20
17.817781 ,83.347677,20
17.817781 ,83.347677,20
17.817781 ,83.347677,20
17.817781 ,83.347677,20
17.817781 ,83.347677,20
17.817781 ,83.347677,20
17.817781 ,83.347677,20
17.817781 ,83.347677,20
17.817781 ,83.347677,20
17.817781 ,83.347686,20
17.817781 ,83.347686,20
17.817781 ,83.347686,20
17.817781 ,83.347686,20
17.817789 ,83.347686,20
17.817806 ,83.347695,20
17.817823 ,83.347704,20
17.817831 ,83.347704,20
17.817874 ,83.347704,20
17.817874 ,83.347704,20
17.817899 ,83.347704,20
17.817907 ,83.347704,20
17.817933 ,83.347721,20
17.817950 ,83.347721,20
17.817950 ,83.347721,20
17.817950 ,83.347721,20
17.817950 ,83.347721,20
17.817967 ,83.347730,20
17.817967 ,83.347730,20
17.817975 ,83.347730,20
17.817975 ,83.347730,20
17.817975 ,83.347730,20
17.817975 ,83.347730,20
17.817975 ,83.347730,20
17.817975 ,83.347730,20
17.817975 ,83.347730,20
17.817975 ,83.347730,20
17.817975 ,83.347730,20
17.817975 ,83.347730,20
17.817975 ,83.347730,20
17.817975 ,83.347730,20
17.817975 ,83.347730,20
17.817975 ,83.347730,20
17.817975 ,83.347730,20
17.817975 ,83.347730,20
17.817975 ,83.347730,20
17.817975 ,83.347730,20
17.817992 ,83.347730,20
17.818000 ,83.347730,20
17.818009 ,83.347730,20
17.818026 ,83.347748,20
17.818026 ,83.347748,20
17.818026 ,83.347748,20
17.818026 ,83.347748,20
17.818026 ,83.347748,20
17.818026 ,83.347748,20
17.818026 ,83.347748,20
17.818026 ,83.347748,20
17.818026 ,83.347748,20
17.818026 ,83.347748,20
17.818026 ,83.347748,20
17.818026 ,83.347748,20
17.818026 ,83.347748,20
17.818026 ,83.347748,20
17.818026 ,83.347748,20
17.818026 ,83.347748,20
17.818026 ,83.347748,20
17.818034 ,83.347757,20
17.818034 ,83.347757,20
17.818034 ,83.347757,20
17.818034 ,83.347757,20
17.818051 ,83.347748,20
17.818051 ,83.347748,20
17.818051 ,83.347748,20
17.818051 ,83.347748,20
17.818076 ,83.347748,20
17.818076 ,83.347748,20
17.818102 ,83.347775,20
17.818127 ,83.347784,20
17.818136 ,83.347801,20
17.818144 ,83.347801,20
17.818144 ,83.347801,20
17.818178 ,83.347801,20
17.818195 ,83.347810,20
17.818220 ,83.347819,20
17.818220 ,83.347819,20
17.818271 ,83.347828,20
17.818271 ,83.347828,20
17.818296 ,83.347828,20
17.818305 ,83.347828,20
17.818321 ,83.347828,20
17.818321 ,83.347828,20
17.818321 ,83.347828,20
17.818321 ,83.347828,20
17.818321 ,83.347828,20
17.818347 ,83.347837,20
17.818355 ,83.347837,20
17.818364 ,83.347837,20
17.818398 ,83.347846,20
17.818398 ,83.347846,20
17.818406 ,83.347846,20
17.818406 ,83.347846,20
17.818423 ,83.347855,20
17.818448 ,83.347855,20
17.818457 ,83.347872,20
17.818482 ,83.347881,20
17.818482 ,83.347881,20
17.818491 ,83.347890,20
17.818491 ,83.347890,20
17.818516 ,83.347899,20
17.818516 ,83.347899,20
17.818524 ,83.347908,20
17.818533 ,83.347917,20
17.818575 ,83.347917,20
17.818651 ,83.347961,20
17.818676 ,83.347979,20
17.818693 ,83.347979,20
17.818719 ,83.347979,20
17.818736 ,83.347979,20
17.818736 ,83.347979,20
17.818753 ,83.347988,20
17.818761 ,83.347988,20
17.818761 ,83.347988,20
17.818761 ,83.347988,20
17.818786 ,83.347988,20
17.818786 ,83.347988,20
17.818803 ,83.348006,20
17.818913 ,83.348112,20
17.819006 ,83.348264,20
17.819006 ,83.348264,20
17.819006 ,83.348264,20
17.819006 ,83.348264,20
17.819006 ,83.348264,20
17.819006 ,83.348264,20
17.819006 ,83.348264,20
17.819006 ,83.348246,20
17.818989 ,83.348210,20
17.818981 ,83.348201,20
17.818981 ,83.348201,20
17.818981 ,83.348201,20
17.818981 ,83.348201,20
17.818972 ,83.348201,20
17.818955 ,83.348192,20
17.818913 ,83.348166,20
17.818913 ,83.348166,20
17.818879 ,83.348148,20
17.818854 ,83.348139,20
17.818837 ,83.348130,20
17.818812 ,83.348104,20
17.818786 ,83.348086,20
17.818761 ,83.348068,20
17.818761 ,83.348068,20
17.818744 ,83.348050,20
17.818702 ,83.348024,20
17.818702 ,83.348024,20
17.818702 ,83.348024,20
17.818702 ,83.348024,20
17.818702 ,83.348024,20
17.818702 ,83.348024,20
17.818727 ,83.348050,20
17.818795 ,83.348077,20
17.818837 ,83.348112,20
17.818862 ,83.348112,20
17.818896 ,83.348112,20
17.818913 ,83.348112,20
17.818955 ,83.348112,20
17.818964 ,83.348112,20
17.818981 ,83.348112,20
17.818981 ,83.348112,20
17.818998 ,83.348112,20
17.819006 ,83.348095,20
17.819014 ,83.348059,20
17.819014 ,83.348059,20
17.819014 ,83.348059,20
17.819031 ,83.348041,20
17.819031 ,83.348041,20
17.819031 ,83.348041,20
17.819040 ,83.348024,20
17.819040 ,83.348015,20
17.819040 ,83.347997,20
17.819040 ,83.347970,20
17.819040 ,83.347970,20
17.819040 ,83.347970,20
17.819040 ,83.347970,20
17.819040 ,83.347952,20
17.819040 ,83.347935,20
17.819040 ,83.347935,20
17.819057 ,83.347917,20
17.819057 ,83.347899,20
17.819065 ,83.347864,20
17.819091 ,83.347837,20
17.819091 ,83.347837,20
17.819099 ,83.347801,20
17.819099 ,83.347801,20
17.819116 ,83.347757,20
17.819116 ,83.347757,20
17.819116 ,83.347748,20
17.819116 ,83.347748,20
17.819133 ,83.347730,20
17.819141 ,83.347721,20
17.819141 ,83.347721,20
17.819141 ,83.347721,20
17.819141 ,83.347721,20
17.819141 ,83.347721,20
17.819141 ,83.347721,20
17.819141 ,83.347712,20
17.819150 ,83.347695,20
17.819158 ,83.347659,20
17.819158 ,83.347659,20
17.819158 ,83.347659,20
17.819175 ,83.347633,20
17.819175 ,83.347633,20
17.819175 ,83.347633,20
17.819175 ,83.347633,20
17.819175 ,83.347633,20
17.819175 ,83.347633,20
17.819200 ,83.347606,20
17.819200 ,83.347606,20
17.819200 ,83.347588,20
17.819200 ,83.347553,20
17.819200 ,83.347553,20
17.819200 ,83.347544,20
17.819209 ,83.347517,20
17.819226 ,83.347490,20
17.819226 ,83.347490,20
17.819226 ,83.347490,20
17.819234 ,83.347473,20
17.819234 ,83.347464,20
17.819234 ,83.347419,20
17.819260 ,83.347375,20
17.819268 ,83.347366,20
17.819268 ,83.347366,20
17.819268 ,83.347366,20
17.819268 ,83.347366,20
17.819268 ,83.347366,20
17.819268 ,83.347366,20
17.819268 ,83.347366,20
17.819268 ,83.347366,20
17.819268 ,83.347366,20
17.819268 ,83.347366,20
17.819268 ,83.347366,20
17.819268 ,83.347366,20
17.819268 ,83.347366,20
17.819268 ,83.347366,20
17.819268 ,83.347366,20
17.819268 ,83.347366,20
17.819268 ,83.347366,20
17.819293 ,83.347366,20
17.819293 ,83.347366,20
17.819310 ,83.347366,20
17.819336 ,83.347366,20
17.819361 ,83.347366,20
17.819403 ,83.347375,20
17.819403 ,83.347375,20
17.819403 ,83.347375,20
17.819403 ,83.347375,20
17.819412 ,83.347375,20
17.819446 ,83.347384,20
17.819479 ,83.347384,20
17.819538 ,83.347384,20
17.819538 ,83.347384,20
17.819538 ,83.347384,20
17.819538 ,83.347384,20
17.819538 ,83.347384,20
17.819538 ,83.347384,20
17.819538 ,83.347384,20
17.819538 ,83.347384,20
17.819538 ,83.347384,20
17.819538 ,83.347384,20
17.819538 ,83.347384,20
17.819538 ,83.347384,20
17.819538 ,83.347384,20
17.819538 ,83.347384,20
17.819538 ,83.347384,20
17.819538 ,83.347384,20
17.819538 ,83.347384,20
17.819538 ,83.347384,20
17.819538 ,83.347384,20
17.819538 ,83.347384,20
17.819538 ,83.347384,20
17.819538 ,83.347384,20
17.819538 ,83.347384,20
17.819538 ,83.347384,20
17.819538 ,83.347384,20
17.819538 ,83.347384,20
17.819538 ,83.347384,20
17.819538 ,83.347384,20
17.819538 ,83.347384,20
17.819538 ,83.347384,20
17.819538 ,83.347384,20
17.819538 ,83.347384,20
17.819538 ,83.347384,20
17.819538 ,83.347384,20
17.819538 ,83.347384,20
17.819538 ,83.347384,20
17.819538 ,83.347384,20
17.819538 ,83.347384,20
17.819538 ,83.347384,20
17.819538 ,83.347384,20
17.819538 ,83.347384,20
17.819538 ,83.347384,20
17.819538 ,83.347384,20
17.819538 ,83.347384,20
17.819538 ,83.347384,20
17.819538 ,83.347384,20
17.819538 ,83.347384,20
17.819538 ,83.347384,20
17.819538 ,83.347384,20
17.819538 ,83.347384,20
17.819538 ,83.347384,20
17.819538 ,83.347384,20
17.819538 ,83.347384,20
17.819538 ,83.347384,20
17.819538 ,83.347384,20
17.819538 ,83.347384,20
17.819538 ,83.347384,20
17.819538 ,83.347384,20
17.819538 ,83.347384,20
17.819538 ,83.347384,20
17.819538 ,83.347384,20
17.819538 ,83.347384,20
17.819538 ,83.347384,20
17.819538 ,83.347384,20
17.819538 ,83.347384,20
17.819538 ,83.347384,20
17.819538 ,83.347384,20
17.819538 ,83.347384,20
17.819538 ,83.347384,20
17.819538 ,83.347384,20
17.819538 ,83.347384,20
17.819538 ,83.347384,20
17.819538 ,83.347384,20
17.819547 ,83.347384,20
17.819581 ,83.347393,20
17.819598 ,83.347410,20
17.819615 ,83.347410,20
17.819640 ,83.347428,20
17.819640 ,83.347428,20
17.819682 ,83.347437,20
17.819682 ,83.347437,20
17.819716 ,83.347446,20
17.819767 ,83.347464,20
17.819784 ,83.347464,20
17.819792 ,83.347464,20
17.819817 ,83.347464,20
17.819843 ,83.347464,20
17.819961 ,83.347473,20
17.819961 ,83.347473,20
17.819995 ,83.347473,20
17.819995 ,83.347464,20
17.820003 ,83.347464,20
17.820029 ,83.347446,20
17.820037 ,83.347437,20
17.820046 ,83.347437,20
17.820062 ,83.347437,20
17.820105 ,83.347437,20
17.820113 ,83.347437,20
17.820164 ,83.347437,20
17.820181 ,83.347437,20
17.820189 ,83.347437,20
17.820223 ,83.347437,20
17.820231 ,83.347437,20
17.820257 ,83.347437,20
17.820274 ,83.347437,20
17.820299 ,83.347455,20
17.820324 ,83.347455,20
17.820324 ,83.347455,20
17.820375 ,83.347455,20
17.820400 ,83.347455,20
17.820400 ,83.347455,20
17.820400 ,83.347455,20
17.820400 ,83.347455,20
17.820400 ,83.347455,20
17.820400 ,83.347455,20
17.820400 ,83.347455,20
17.820400 ,83.347455,20
17.820400 ,83.347455,20
